7140 
7144 
7152 
7652 
7656 
7664 
7908 
7912 
7920 
7980 
7988 
7992 
8012 
8020 
8024 
8033 
8034 
8076 
8084 
8088 
8097 
8098 
8129 
8130 
13284 
13288 
13296 
13796 
13800 
13808 
14052 
14056 
14064 
14124 
14132 
14136 
14156 
14164 
14168 
14177 
14178 
14220 
14228 
14232 
14241 
14242 
14273 
14274 
11236 
11240 
11248 
11748 
11752 
11760 
12004 
12008 
12016 
12076 
12084 
12088 
12108 
12116 
12120 
12129 
12130 
12172 
12180 
12184 
12193 
12194 
12225 
12226 
14700 
14708 
14712 
14764 
14772 
14776 
14796 
14804 
14808 
14817 
14818 
14956 
14964 
14968 
15020 
15028 
15032 
15052 
15060 
15064 
15073 
15074 
15132 
15141 
15142 
15145 
15146 
15153 
15154 
15173 
15174 
15177 
15178 
15185 
15186 
15237 
15238 
15241 
15242 
15249 
15250 
15468 
15476 
15480 
15532 
15540 
15544 
15564 
15572 
15576 
15585 
15586 
15644 
15653 
15654 
15657 
15658 
15665 
15666 
15685 
15686 
15689 
15690 
15697 
15698 
15749 
15750 
15753 
15754 
15761 
15762 
15900 
15909 
15910 
15913 
15914 
15921 
15922 
15941 
15942 
15945 
15946 
15953 
15954 
16005 
16006 
16009 
16010 
16017 
16018 
16131 
18404 
18408 
18416 
19308 
19316 
19320 
19372 
19380 
19384 
19404 
19412 
19416 
19425 
19426 
19820 
19828 
19832 
19884 
19892 
19896 
19916 
19924 
19928 
19937 
19938 
20076 
20084 
20088 
20140 
20148 
20152 
20172 
20180 
20184 
20193 
20194 
20252 
20261 
20262 
20265 
20266 
20273 
20274 
20293 
20294 
20297 
20298 
20305 
20306 
20357 
20358 
20361 
20362 
20369 
20370 
25452 
25460 
25464 
25516 
25524 
25528 
25548 
25556 
25560 
25569 
25570 
25964 
25972 
25976 
26028 
26036 
26040 
26060 
26068 
26072 
26081 
26082 
26220 
26228 
26232 
26284 
26292 
26296 
26316 
26324 
26328 
26337 
26338 
26396 
26405 
26406 
26409 
26410 
26417 
26418 
26437 
26438 
26441 
26442 
26449 
26450 
26501 
26502 
26505 
26506 
26513 
26514 
30765 
30766 
30773 
30774 
30777 
30778 
30797 
30798 
30805 
30806 
30809 
30810 
30819 
30861 
30862 
30869 
30870 
30873 
30874 
30883 
30915 
30983 
30987 
30995 
31239 
31243 
31251 
31751 
31755 
31763 
22764 
22772 
22776 
22844 
22876 
22885 
22886 
22889 
22890 
22897 
22898 
22940 
22949 
22950 
22953 
22954 
22961 
22962 
22981 
22982 
22985 
22986 
22993 
22994 
23100 
23132 
23141 
23142 
23145 
23146 
23153 
23154 
23196 
23205 
23206 
23209 
23210 
23217 
23218 
23237 
23238 
23241 
23242 
23249 
23250 
23309 
23310 
23317 
23318 
23321 
23322 
23331 
23363 
23427 
23612 
23644 
23653 
23654 
23657 
23658 
23665 
23666 
23708 
23717 
23718 
23721 
23722 
23729 
23730 
23749 
23750 
23753 
23754 
23761 
23762 
23821 
23822 
23829 
23830 
23833 
23834 
23843 
23875 
23939 
24077 
24078 
24085 
24086 
24089 
24090 
24099 
24131 
24195 
26860 
26868 
26872 
26940 
26972 
26981 
26982 
26985 
26986 
26993 
26994 
27036 
27045 
27046 
27049 
27050 
27057 
27058 
27077 
27078 
27081 
27082 
27089 
27090 
27196 
27228 
27237 
27238 
27241 
27242 
27249 
27250 
27292 
27301 
27302 
27305 
27306 
27313 
27314 
27333 
27334 
27337 
27338 
27345 
27346 
27405 
27406 
27413 
27414 
27417 
27418 
27427 
27459 
27523 
27708 
27740 
27749 
27750 
27753 
27754 
27761 
27762 
27804 
27813 
27814 
27817 
27818 
27825 
27826 
27845 
27846 
27849 
27850 
27857 
27858 
27917 
27918 
27925 
27926 
27929 
27930 
27939 
27971 
28035 
28173 
28174 
28181 
28182 
28185 
28186 
28195 
28227 
28291 
28908 
28916 
28920 
28988 
29020 
29029 
29030 
29033 
29034 
29041 
29042 
29084 
29093 
29094 
29097 
29098 
29105 
29106 
29125 
29126 
29129 
29130 
29137 
29138 
29244 
29276 
29285 
29286 
29289 
29290 
29297 
29298 
29340 
29349 
29350 
29353 
29354 
29361 
29362 
29381 
29382 
29385 
29386 
29393 
29394 
29453 
29454 
29461 
29462 
29465 
29466 
29475 
29507 
29571 
29756 
29788 
29797 
29798 
29801 
29802 
29809 
29810 
29852 
29861 
29862 
29865 
29866 
29873 
29874 
29893 
29894 
29897 
29898 
29905 
29906 
29965 
29966 
29973 
29974 
29977 
29978 
29987 
30019 
30083 
30221 
30222 
30229 
30230 
30233 
30234 
30243 
30275 
30339 
21356 
21364 
21368 
21420 
21428 
21432 
21452 
21460 
21464 
21473 
21474 
21868 
21876 
21880 
21932 
21940 
21944 
21964 
21972 
21976 
21985 
21986 
22124 
22132 
22136 
22188 
22196 
22200 
22220 
22228 
22232 
22241 
22242 
22300 
22309 
22310 
22313 
22314 
22321 
22322 
22341 
22342 
22345 
22346 
22353 
22354 
22405 
22406 
22409 
22410 
22417 
22418 
35692 
35700 
35704 
35756 
35764 
35768 
35788 
35796 
35800 
35809 
35810 
36204 
36212 
36216 
36268 
36276 
36280 
36300 
36308 
36312 
36321 
36322 
36460 
36468 
36472 
36524 
36532 
36536 
36556 
36564 
36568 
36577 
36578 
36636 
36645 
36646 
36649 
36650 
36657 
36658 
36677 
36678 
36681 
36682 
36689 
36690 
36741 
36742 
36745 
36746 
36753 
36754 
37740 
37748 
37752 
37804 
37812 
37816 
37836 
37844 
37848 
37857 
37858 
38252 
38260 
38264 
38316 
38324 
38328 
38348 
38356 
38360 
38369 
38370 
38508 
38516 
38520 
38572 
38580 
38584 
38604 
38612 
38616 
38625 
38626 
38684 
38693 
38694 
38697 
38698 
38705 
38706 
38725 
38726 
38729 
38730 
38737 
38738 
38789 
38790 
38793 
38794 
38801 
38802 
34788 
34792 
34800 
39148 
39156 
39160 
39228 
39260 
39269 
39270 
39273 
39274 
39281 
39282 
39324 
39333 
39334 
39337 
39338 
39345 
39346 
39365 
39366 
39369 
39370 
39377 
39378 
39484 
39516 
39525 
39526 
39529 
39530 
39537 
39538 
39580 
39589 
39590 
39593 
39594 
39601 
39602 
39621 
39622 
39625 
39626 
39633 
39634 
39693 
39694 
39701 
39702 
39705 
39706 
39715 
39747 
39811 
39996 
40028 
40037 
40038 
40041 
40042 
40049 
40050 
40092 
40101 
40102 
40105 
40106 
40113 
40114 
40133 
40134 
40137 
40138 
40145 
40146 
40205 
40206 
40213 
40214 
40217 
40218 
40227 
40259 
40323 
40461 
40462 
40469 
40470 
40473 
40474 
40483 
40515 
40579 
41836 
41844 
41848 
41900 
41908 
41912 
41932 
41940 
41944 
41953 
41954 
42348 
42356 
42360 
42412 
42420 
42424 
42444 
42452 
42456 
42465 
42466 
42604 
42612 
42616 
42668 
42676 
42680 
42700 
42708 
42712 
42721 
42722 
42780 
42789 
42790 
42793 
42794 
42801 
42802 
42821 
42822 
42825 
42826 
42833 
42834 
42885 
42886 
42889 
42890 
42897 
42898 
43244 
43252 
43256 
43324 
43356 
43365 
43366 
43369 
43370 
43377 
43378 
43420 
43429 
43430 
43433 
43434 
43441 
43442 
43461 
43462 
43465 
43466 
43473 
43474 
43580 
43612 
43621 
43622 
43625 
43626 
43633 
43634 
43676 
43685 
43686 
43689 
43690 
43697 
43698 
43717 
43718 
43721 
43722 
43729 
43730 
43789 
43790 
43797 
43798 
43801 
43802 
43811 
43843 
43907 
44092 
44124 
44133 
44134 
44137 
44138 
44145 
44146 
44188 
44197 
44198 
44201 
44202 
44209 
44210 
44229 
44230 
44233 
44234 
44241 
44242 
44301 
44302 
44309 
44310 
44313 
44314 
44323 
44355 
44419 
44557 
44558 
44565 
44566 
44569 
44570 
44579 
44611 
44675 
45292 
45300 
45304 
45372 
45404 
45413 
45414 
45417 
45418 
45425 
45426 
45468 
45477 
45478 
45481 
45482 
45489 
45490 
45509 
45510 
45513 
45514 
45521 
45522 
45628 
45660 
45669 
45670 
45673 
45674 
45681 
45682 
45724 
45733 
45734 
45737 
45738 
45745 
45746 
45765 
45766 
45769 
45770 
45777 
45778 
45837 
45838 
45845 
45846 
45849 
45850 
45859 
45891 
45955 
46140 
46172 
46181 
46182 
46185 
46186 
46193 
46194 
46236 
46245 
46246 
46249 
46250 
46257 
46258 
46277 
46278 
46281 
46282 
46289 
46290 
46349 
46350 
46357 
46358 
46361 
46362 
46371 
46403 
46467 
46605 
46606 
46613 
46614 
46617 
46618 
46627 
46659 
46723 
47149 
47150 
47157 
47158 
47161 
47162 
47181 
47182 
47189 
47190 
47193 
47194 
47203 
47245 
47246 
47253 
47254 
47257 
47258 
47267 
47299 
47367 
47371 
47379 
47623 
47627 
47635 
48135 
48139 
48147 
49644 
49652 
49656 
49900 
49908 
49912 
49980 
50012 
50021 
50022 
50025 
50026 
50033 
50034 
50076 
50085 
50086 
50089 
50090 
50097 
50098 
50117 
50118 
50121 
50122 
50129 
50130 
50412 
50420 
50424 
50492 
50524 
50533 
50534 
50537 
50538 
50545 
50546 
50588 
50597 
50598 
50601 
50602 
50609 
50610 
50629 
50630 
50633 
50634 
50641 
50642 
50748 
50780 
50789 
50790 
50793 
50794 
50801 
50802 
50844 
50853 
50854 
50857 
50858 
50865 
50866 
50885 
50886 
50889 
50890 
50897 
50898 
50957 
50958 
50965 
50966 
50969 
50970 
50979 
51011 
51075 
51324 
51388 
51420 
51429 
51430 
51433 
51434 
51441 
51442 
51501 
51502 
51509 
51510 
51513 
51514 
51533 
51534 
51541 
51542 
51545 
51546 
51555 
51597 
51598 
51605 
51606 
51609 
51610 
51619 
51651 
51757 
51758 
51765 
51766 
51769 
51770 
51789 
51790 
51797 
51798 
51801 
51802 
51811 
51853 
51854 
51861 
51862 
51865 
51866 
51875 
51907 
51975 
51979 
51987 
52269 
52270 
52277 
52278 
52281 
52282 
52301 
52302 
52309 
52310 
52313 
52314 
52323 
52365 
52366 
52373 
52374 
52377 
52378 
52387 
52419 
52487 
52491 
52499 
52743 
52747 
52755 
53372 
53436 
53468 
53477 
53478 
53481 
53482 
53489 
53490 
53549 
53550 
53557 
53558 
53561 
53562 
53581 
53582 
53589 
53590 
53593 
53594 
53603 
53645 
53646 
53653 
53654 
53657 
53658 
53667 
53699 
53805 
53806 
53813 
53814 
53817 
53818 
53837 
53838 
53845 
53846 
53849 
53850 
53859 
53901 
53902 
53909 
53910 
53913 
53914 
53923 
53955 
54023 
54027 
54035 
54317 
54318 
54325 
54326 
54329 
54330 
54349 
54350 
54357 
54358 
54361 
54362 
54371 
54413 
54414 
54421 
54422 
54425 
54426 
54435 
54467 
54535 
54539 
54547 
54791 
54795 
54803 
55325 
55326 
55335 
55339 
55347 
55367 
55371 
55379 
55431 
55435 
55443 
59421 
59422 
59431 
59435 
59443 
59463 
59467 
59475 
59527 
59531 
59539 
57468 
57532 
57564 
57573 
57574 
57577 
57578 
57585 
57586 
57645 
57646 
57653 
57654 
57657 
57658 
57677 
57678 
57685 
57686 
57689 
57690 
57699 
57741 
57742 
57749 
57750 
57753 
57754 
57763 
57795 
57901 
57902 
57909 
57910 
57913 
57914 
57933 
57934 
57941 
57942 
57945 
57946 
57955 
57997 
57998 
58005 
58006 
58009 
58010 
58019 
58051 
58119 
58123 
58131 
58413 
58414 
58421 
58422 
58425 
58426 
58445 
58446 
58453 
58454 
58457 
58458 
58467 
58509 
58510 
58517 
58518 
58521 
58522 
58531 
58563 
58631 
58635 
58643 
58887 
58891 
58899 
61469 
61470 
61479 
61483 
61491 
61511 
61515 
61523 
61575 
61579 
61587 
