8036 
8040 
8048 
8100 
8104 
8112 
8132 
8136 
8144 
14180 
14184 
14192 
14244 
14248 
14256 
14276 
14280 
14288 
12132 
12136 
12144 
12196 
12200 
12208 
12228 
12232 
12240 
14820 
14824 
14832 
15076 
15080 
15088 
15148 
15156 
15160 
15180 
15188 
15192 
15201 
15202 
15244 
15252 
15256 
15265 
15266 
15297 
15298 
15588 
15592 
15600 
15660 
15668 
15672 
15692 
15700 
15704 
15713 
15714 
15756 
15764 
15768 
15777 
15778 
15809 
15810 
15916 
15924 
15928 
15948 
15956 
15960 
15969 
15970 
16012 
16020 
16024 
16033 
16034 
16065 
16066 
16133 
16134 
16137 
16138 
16145 
16146 
19428 
19432 
19440 
19940 
19944 
19952 
20196 
20200 
20208 
20268 
20276 
20280 
20300 
20308 
20312 
20321 
20322 
20364 
20372 
20376 
20385 
20386 
20417 
20418 
25572 
25576 
25584 
26084 
26088 
26096 
26340 
26344 
26352 
26412 
26420 
26424 
26444 
26452 
26456 
26465 
26466 
26508 
26516 
26520 
26529 
26530 
26561 
26562 
30780 
30812 
30821 
30822 
30825 
30826 
30833 
30834 
30876 
30885 
30886 
30889 
30890 
30897 
30898 
30917 
30918 
30921 
30922 
30929 
30930 
30989 
30990 
30997 
30998 
31001 
31002 
31011 
31043 
31107 
31245 
31246 
31253 
31254 
31257 
31258 
31267 
31299 
31363 
31757 
31758 
31765 
31766 
31769 
31770 
31779 
31811 
31875 
22892 
22900 
22904 
22956 
22964 
22968 
22988 
22996 
23000 
23009 
23010 
23148 
23156 
23160 
23212 
23220 
23224 
23244 
23252 
23256 
23265 
23266 
23324 
23333 
23334 
23337 
23338 
23345 
23346 
23365 
23366 
23369 
23370 
23377 
23378 
23429 
23430 
23433 
23434 
23441 
23442 
23660 
23668 
23672 
23724 
23732 
23736 
23756 
23764 
23768 
23777 
23778 
23836 
23845 
23846 
23849 
23850 
23857 
23858 
23877 
23878 
23881 
23882 
23889 
23890 
23941 
23942 
23945 
23946 
23953 
23954 
24092 
24101 
24102 
24105 
24106 
24113 
24114 
24133 
24134 
24137 
24138 
24145 
24146 
24197 
24198 
24201 
24202 
24209 
24210 
24323 
26988 
26996 
27000 
27052 
27060 
27064 
27084 
27092 
27096 
27105 
27106 
27244 
27252 
27256 
27308 
27316 
27320 
27340 
27348 
27352 
27361 
27362 
27420 
27429 
27430 
27433 
27434 
27441 
27442 
27461 
27462 
27465 
27466 
27473 
27474 
27525 
27526 
27529 
27530 
27537 
27538 
27756 
27764 
27768 
27820 
27828 
27832 
27852 
27860 
27864 
27873 
27874 
27932 
27941 
27942 
27945 
27946 
27953 
27954 
27973 
27974 
27977 
27978 
27985 
27986 
28037 
28038 
28041 
28042 
28049 
28050 
28188 
28197 
28198 
28201 
28202 
28209 
28210 
28229 
28230 
28233 
28234 
28241 
28242 
28293 
28294 
28297 
28298 
28305 
28306 
28419 
29036 
29044 
29048 
29100 
29108 
29112 
29132 
29140 
29144 
29153 
29154 
29292 
29300 
29304 
29356 
29364 
29368 
29388 
29396 
29400 
29409 
29410 
29468 
29477 
29478 
29481 
29482 
29489 
29490 
29509 
29510 
29513 
29514 
29521 
29522 
29573 
29574 
29577 
29578 
29585 
29586 
29804 
29812 
29816 
29868 
29876 
29880 
29900 
29908 
29912 
29921 
29922 
29980 
29989 
29990 
29993 
29994 
30001 
30002 
30021 
30022 
30025 
30026 
30033 
30034 
30085 
30086 
30089 
30090 
30097 
30098 
30236 
30245 
30246 
30249 
30250 
30257 
30258 
30277 
30278 
30281 
30282 
30289 
30290 
30341 
30342 
30345 
30346 
30353 
30354 
30467 
21476 
21480 
21488 
21988 
21992 
22000 
22244 
22248 
22256 
22316 
22324 
22328 
22348 
22356 
22360 
22369 
22370 
22412 
22420 
22424 
22433 
22434 
22465 
22466 
35812 
35816 
35824 
36324 
36328 
36336 
36580 
36584 
36592 
36652 
36660 
36664 
36684 
36692 
36696 
36705 
36706 
36748 
36756 
36760 
36769 
36770 
36801 
36802 
37860 
37864 
37872 
38372 
38376 
38384 
38628 
38632 
38640 
38700 
38708 
38712 
38732 
38740 
38744 
38753 
38754 
38796 
38804 
38808 
38817 
38818 
38849 
38850 
39276 
39284 
39288 
39340 
39348 
39352 
39372 
39380 
39384 
39393 
39394 
39532 
39540 
39544 
39596 
39604 
39608 
39628 
39636 
39640 
39649 
39650 
39708 
39717 
39718 
39721 
39722 
39729 
39730 
39749 
39750 
39753 
39754 
39761 
39762 
39813 
39814 
39817 
39818 
39825 
39826 
40044 
40052 
40056 
40108 
40116 
40120 
40140 
40148 
40152 
40161 
40162 
40220 
40229 
40230 
40233 
40234 
40241 
40242 
40261 
40262 
40265 
40266 
40273 
40274 
40325 
40326 
40329 
40330 
40337 
40338 
40476 
40485 
40486 
40489 
40490 
40497 
40498 
40517 
40518 
40521 
40522 
40529 
40530 
40581 
40582 
40585 
40586 
40593 
40594 
40707 
41956 
41960 
41968 
42468 
42472 
42480 
42724 
42728 
42736 
42796 
42804 
42808 
42828 
42836 
42840 
42849 
42850 
42892 
42900 
42904 
42913 
42914 
42945 
42946 
43372 
43380 
43384 
43436 
43444 
43448 
43468 
43476 
43480 
43489 
43490 
43628 
43636 
43640 
43692 
43700 
43704 
43724 
43732 
43736 
43745 
43746 
43804 
43813 
43814 
43817 
43818 
43825 
43826 
43845 
43846 
43849 
43850 
43857 
43858 
43909 
43910 
43913 
43914 
43921 
43922 
44140 
44148 
44152 
44204 
44212 
44216 
44236 
44244 
44248 
44257 
44258 
44316 
44325 
44326 
44329 
44330 
44337 
44338 
44357 
44358 
44361 
44362 
44369 
44370 
44421 
44422 
44425 
44426 
44433 
44434 
44572 
44581 
44582 
44585 
44586 
44593 
44594 
44613 
44614 
44617 
44618 
44625 
44626 
44677 
44678 
44681 
44682 
44689 
44690 
44803 
45420 
45428 
45432 
45484 
45492 
45496 
45516 
45524 
45528 
45537 
45538 
45676 
45684 
45688 
45740 
45748 
45752 
45772 
45780 
45784 
45793 
45794 
45852 
45861 
45862 
45865 
45866 
45873 
45874 
45893 
45894 
45897 
45898 
45905 
45906 
45957 
45958 
45961 
45962 
45969 
45970 
46188 
46196 
46200 
46252 
46260 
46264 
46284 
46292 
46296 
46305 
46306 
46364 
46373 
46374 
46377 
46378 
46385 
46386 
46405 
46406 
46409 
46410 
46417 
46418 
46469 
46470 
46473 
46474 
46481 
46482 
46620 
46629 
46630 
46633 
46634 
46641 
46642 
46661 
46662 
46665 
46666 
46673 
46674 
46725 
46726 
46729 
46730 
46737 
46738 
46851 
47164 
47196 
47205 
47206 
47209 
47210 
47217 
47218 
47260 
47269 
47270 
47273 
47274 
47281 
47282 
47301 
47302 
47305 
47306 
47313 
47314 
47373 
47374 
47381 
47382 
47385 
47386 
47395 
47427 
47491 
47629 
47630 
47637 
47638 
47641 
47642 
47651 
47683 
47747 
48141 
48142 
48149 
48150 
48153 
48154 
48163 
48195 
48259 
50028 
50036 
50040 
50092 
50100 
50104 
50124 
50132 
50136 
50145 
50146 
50540 
50548 
50552 
50604 
50612 
50616 
50636 
50644 
50648 
50657 
50658 
50796 
50804 
50808 
50860 
50868 
50872 
50892 
50900 
50904 
50913 
50914 
50972 
50981 
50982 
50985 
50986 
50993 
50994 
51013 
51014 
51017 
51018 
51025 
51026 
51077 
51078 
51081 
51082 
51089 
51090 
51436 
51444 
51448 
51516 
51548 
51557 
51558 
51561 
51562 
51569 
51570 
51612 
51621 
51622 
51625 
51626 
51633 
51634 
51653 
51654 
51657 
51658 
51665 
51666 
51772 
51804 
51813 
51814 
51817 
51818 
51825 
51826 
51868 
51877 
51878 
51881 
51882 
51889 
51890 
51909 
51910 
51913 
51914 
51921 
51922 
51981 
51982 
51989 
51990 
51993 
51994 
52003 
52035 
52099 
52284 
52316 
52325 
52326 
52329 
52330 
52337 
52338 
52380 
52389 
52390 
52393 
52394 
52401 
52402 
52421 
52422 
52425 
52426 
52433 
52434 
52493 
52494 
52501 
52502 
52505 
52506 
52515 
52547 
52611 
52749 
52750 
52757 
52758 
52761 
52762 
52771 
52803 
52867 
53484 
53492 
53496 
53564 
53596 
53605 
53606 
53609 
53610 
53617 
53618 
53660 
53669 
53670 
53673 
53674 
53681 
53682 
53701 
53702 
53705 
53706 
53713 
53714 
53820 
53852 
53861 
53862 
53865 
53866 
53873 
53874 
53916 
53925 
53926 
53929 
53930 
53937 
53938 
53957 
53958 
53961 
53962 
53969 
53970 
54029 
54030 
54037 
54038 
54041 
54042 
54051 
54083 
54147 
54332 
54364 
54373 
54374 
54377 
54378 
54385 
54386 
54428 
54437 
54438 
54441 
54442 
54449 
54450 
54469 
54470 
54473 
54474 
54481 
54482 
54541 
54542 
54549 
54550 
54553 
54554 
54563 
54595 
54659 
54797 
54798 
54805 
54806 
54809 
54810 
54819 
54851 
54915 
55341 
55342 
55349 
55350 
55353 
55354 
55373 
55374 
55381 
55382 
55385 
55386 
55395 
55437 
55438 
55445 
55446 
55449 
55450 
55459 
55491 
55559 
55563 
55571 
55815 
55819 
55827 
56327 
56331 
56339 
59437 
59438 
59445 
59446 
59449 
59450 
59469 
59470 
59477 
59478 
59481 
59482 
59491 
59533 
59534 
59541 
59542 
59545 
59546 
59555 
59587 
59655 
59659 
59667 
59911 
59915 
59923 
60423 
60427 
60435 
57580 
57588 
57592 
57660 
57692 
57701 
57702 
57705 
57706 
57713 
57714 
57756 
57765 
57766 
57769 
57770 
57777 
57778 
57797 
57798 
57801 
57802 
57809 
57810 
57916 
57948 
57957 
57958 
57961 
57962 
57969 
57970 
58012 
58021 
58022 
58025 
58026 
58033 
58034 
58053 
58054 
58057 
58058 
58065 
58066 
58125 
58126 
58133 
58134 
58137 
58138 
58147 
58179 
58243 
58428 
58460 
58469 
58470 
58473 
58474 
58481 
58482 
58524 
58533 
58534 
58537 
58538 
58545 
58546 
58565 
58566 
58569 
58570 
58577 
58578 
58637 
58638 
58645 
58646 
58649 
58650 
58659 
58691 
58755 
58893 
58894 
58901 
58902 
58905 
58906 
58915 
58947 
59011 
61485 
61486 
61493 
61494 
61497 
61498 
61517 
61518 
61525 
61526 
61529 
61530 
61539 
61581 
61582 
61589 
61590 
61593 
61594 
61603 
61635 
61703 
61707 
61715 
61959 
61963 
61971 
62471 
62475 
62483 
