8160 
14304 
12256 
15204 
15208 
15216 
15268 
15272 
15280 
15300 
15304 
15312 
15716 
15720 
15728 
15780 
15784 
15792 
15812 
15816 
15824 
15972 
15976 
15984 
16036 
16040 
16048 
16068 
16072 
16080 
16140 
16148 
16152 
16161 
16162 
16193 
16194 
16257 
16258 
20324 
20328 
20336 
20388 
20392 
20400 
20420 
20424 
20432 
26468 
26472 
26480 
26532 
26536 
26544 
26564 
26568 
26576 
30828 
30836 
30840 
30892 
30900 
30904 
30924 
30932 
30936 
30945 
30946 
31004 
31013 
31014 
31017 
31018 
31025 
31026 
31045 
31046 
31049 
31050 
31057 
31058 
31109 
31110 
31113 
31114 
31121 
31122 
31260 
31269 
31270 
31273 
31274 
31281 
31282 
31301 
31302 
31305 
31306 
31313 
31314 
31365 
31366 
31369 
31370 
31377 
31378 
31491 
31772 
31781 
31782 
31785 
31786 
31793 
31794 
31813 
31814 
31817 
31818 
31825 
31826 
31877 
31878 
31881 
31882 
31889 
31890 
32003 
32259 
23012 
23016 
23024 
23268 
23272 
23280 
23340 
23348 
23352 
23372 
23380 
23384 
23393 
23394 
23436 
23444 
23448 
23457 
23458 
23489 
23490 
23780 
23784 
23792 
23852 
23860 
23864 
23884 
23892 
23896 
23905 
23906 
23948 
23956 
23960 
23969 
23970 
24001 
24002 
24108 
24116 
24120 
24140 
24148 
24152 
24161 
24162 
24204 
24212 
24216 
24225 
24226 
24257 
24258 
24325 
24326 
24329 
24330 
24337 
24338 
27108 
27112 
27120 
27364 
27368 
27376 
27436 
27444 
27448 
27468 
27476 
27480 
27489 
27490 
27532 
27540 
27544 
27553 
27554 
27585 
27586 
27876 
27880 
27888 
27948 
27956 
27960 
27980 
27988 
27992 
28001 
28002 
28044 
28052 
28056 
28065 
28066 
28097 
28098 
28204 
28212 
28216 
28236 
28244 
28248 
28257 
28258 
28300 
28308 
28312 
28321 
28322 
28353 
28354 
28421 
28422 
28425 
28426 
28433 
28434 
29156 
29160 
29168 
29412 
29416 
29424 
29484 
29492 
29496 
29516 
29524 
29528 
29537 
29538 
29580 
29588 
29592 
29601 
29602 
29633 
29634 
29924 
29928 
29936 
29996 
30004 
30008 
30028 
30036 
30040 
30049 
30050 
30092 
30100 
30104 
30113 
30114 
30145 
30146 
30252 
30260 
30264 
30284 
30292 
30296 
30305 
30306 
30348 
30356 
30360 
30369 
30370 
30401 
30402 
30469 
30470 
30473 
30474 
30481 
30482 
22372 
22376 
22384 
22436 
22440 
22448 
22468 
22472 
22480 
36708 
36712 
36720 
36772 
36776 
36784 
36804 
36808 
36816 
38756 
38760 
38768 
38820 
38824 
38832 
38852 
38856 
38864 
39396 
39400 
39408 
39652 
39656 
39664 
39724 
39732 
39736 
39756 
39764 
39768 
39777 
39778 
39820 
39828 
39832 
39841 
39842 
39873 
39874 
40164 
40168 
40176 
40236 
40244 
40248 
40268 
40276 
40280 
40289 
40290 
40332 
40340 
40344 
40353 
40354 
40385 
40386 
40492 
40500 
40504 
40524 
40532 
40536 
40545 
40546 
40588 
40596 
40600 
40609 
40610 
40641 
40642 
40709 
40710 
40713 
40714 
40721 
40722 
42852 
42856 
42864 
42916 
42920 
42928 
42948 
42952 
42960 
43492 
43496 
43504 
43748 
43752 
43760 
43820 
43828 
43832 
43852 
43860 
43864 
43873 
43874 
43916 
43924 
43928 
43937 
43938 
43969 
43970 
44260 
44264 
44272 
44332 
44340 
44344 
44364 
44372 
44376 
44385 
44386 
44428 
44436 
44440 
44449 
44450 
44481 
44482 
44588 
44596 
44600 
44620 
44628 
44632 
44641 
44642 
44684 
44692 
44696 
44705 
44706 
44737 
44738 
44805 
44806 
44809 
44810 
44817 
44818 
45540 
45544 
45552 
45796 
45800 
45808 
45868 
45876 
45880 
45900 
45908 
45912 
45921 
45922 
45964 
45972 
45976 
45985 
45986 
46017 
46018 
46308 
46312 
46320 
46380 
46388 
46392 
46412 
46420 
46424 
46433 
46434 
46476 
46484 
46488 
46497 
46498 
46529 
46530 
46636 
46644 
46648 
46668 
46676 
46680 
46689 
46690 
46732 
46740 
46744 
46753 
46754 
46785 
46786 
46853 
46854 
46857 
46858 
46865 
46866 
47212 
47220 
47224 
47276 
47284 
47288 
47308 
47316 
47320 
47329 
47330 
47388 
47397 
47398 
47401 
47402 
47409 
47410 
47429 
47430 
47433 
47434 
47441 
47442 
47493 
47494 
47497 
47498 
47505 
47506 
47644 
47653 
47654 
47657 
47658 
47665 
47666 
47685 
47686 
47689 
47690 
47697 
47698 
47749 
47750 
47753 
47754 
47761 
47762 
47875 
48156 
48165 
48166 
48169 
48170 
48177 
48178 
48197 
48198 
48201 
48202 
48209 
48210 
48261 
48262 
48265 
48266 
48273 
48274 
48387 
48643 
50148 
50152 
50160 
50660 
50664 
50672 
50916 
50920 
50928 
50988 
50996 
51000 
51020 
51028 
51032 
51041 
51042 
51084 
51092 
51096 
51105 
51106 
51137 
51138 
51564 
51572 
51576 
51628 
51636 
51640 
51660 
51668 
51672 
51681 
51682 
51820 
51828 
51832 
51884 
51892 
51896 
51916 
51924 
51928 
51937 
51938 
51996 
52005 
52006 
52009 
52010 
52017 
52018 
52037 
52038 
52041 
52042 
52049 
52050 
52101 
52102 
52105 
52106 
52113 
52114 
52332 
52340 
52344 
52396 
52404 
52408 
52428 
52436 
52440 
52449 
52450 
52508 
52517 
52518 
52521 
52522 
52529 
52530 
52549 
52550 
52553 
52554 
52561 
52562 
52613 
52614 
52617 
52618 
52625 
52626 
52764 
52773 
52774 
52777 
52778 
52785 
52786 
52805 
52806 
52809 
52810 
52817 
52818 
52869 
52870 
52873 
52874 
52881 
52882 
52995 
53612 
53620 
53624 
53676 
53684 
53688 
53708 
53716 
53720 
53729 
53730 
53868 
53876 
53880 
53932 
53940 
53944 
53964 
53972 
53976 
53985 
53986 
54044 
54053 
54054 
54057 
54058 
54065 
54066 
54085 
54086 
54089 
54090 
54097 
54098 
54149 
54150 
54153 
54154 
54161 
54162 
54380 
54388 
54392 
54444 
54452 
54456 
54476 
54484 
54488 
54497 
54498 
54556 
54565 
54566 
54569 
54570 
54577 
54578 
54597 
54598 
54601 
54602 
54609 
54610 
54661 
54662 
54665 
54666 
54673 
54674 
54812 
54821 
54822 
54825 
54826 
54833 
54834 
54853 
54854 
54857 
54858 
54865 
54866 
54917 
54918 
54921 
54922 
54929 
54930 
55043 
55356 
55388 
55397 
55398 
55401 
55402 
55409 
55410 
55452 
55461 
55462 
55465 
55466 
55473 
55474 
55493 
55494 
55497 
55498 
55505 
55506 
55565 
55566 
55573 
55574 
55577 
55578 
55587 
55619 
55683 
55821 
55822 
55829 
55830 
55833 
55834 
55843 
55875 
55939 
56333 
56334 
56341 
56342 
56345 
56346 
56355 
56387 
56451 
59452 
59484 
59493 
59494 
59497 
59498 
59505 
59506 
59548 
59557 
59558 
59561 
59562 
59569 
59570 
59589 
59590 
59593 
59594 
59601 
59602 
59661 
59662 
59669 
59670 
59673 
59674 
59683 
59715 
59779 
59917 
59918 
59925 
59926 
59929 
59930 
59939 
59971 
60035 
60429 
60430 
60437 
60438 
60441 
60442 
60451 
60483 
60547 
57708 
57716 
57720 
57772 
57780 
57784 
57804 
57812 
57816 
57825 
57826 
57964 
57972 
57976 
58028 
58036 
58040 
58060 
58068 
58072 
58081 
58082 
58140 
58149 
58150 
58153 
58154 
58161 
58162 
58181 
58182 
58185 
58186 
58193 
58194 
58245 
58246 
58249 
58250 
58257 
58258 
58476 
58484 
58488 
58540 
58548 
58552 
58572 
58580 
58584 
58593 
58594 
58652 
58661 
58662 
58665 
58666 
58673 
58674 
58693 
58694 
58697 
58698 
58705 
58706 
58757 
58758 
58761 
58762 
58769 
58770 
58908 
58917 
58918 
58921 
58922 
58929 
58930 
58949 
58950 
58953 
58954 
58961 
58962 
59013 
59014 
59017 
59018 
59025 
59026 
59139 
61500 
61532 
61541 
61542 
61545 
61546 
61553 
61554 
61596 
61605 
61606 
61609 
61610 
61617 
61618 
61637 
61638 
61641 
61642 
61649 
61650 
61709 
61710 
61717 
61718 
61721 
61722 
61731 
61763 
61827 
61965 
61966 
61973 
61974 
61977 
61978 
61987 
62019 
62083 
62477 
62478 
62485 
62486 
62489 
62490 
62499 
62531 
62595 
63495 
63499 
63507 
