15328 
15840 
16096 
16164 
16168 
16176 
16196 
16200 
16208 
16260 
16264 
16272 
20448 
26592 
30948 
30952 
30960 
31020 
31028 
31032 
31052 
31060 
31064 
31073 
31074 
31116 
31124 
31128 
31137 
31138 
31169 
31170 
31276 
31284 
31288 
31308 
31316 
31320 
31329 
31330 
31372 
31380 
31384 
31393 
31394 
31425 
31426 
31493 
31494 
31497 
31498 
31505 
31506 
31788 
31796 
31800 
31820 
31828 
31832 
31841 
31842 
31884 
31892 
31896 
31905 
31906 
31937 
31938 
32005 
32006 
32009 
32010 
32017 
32018 
32261 
32262 
32265 
32266 
32273 
32274 
23396 
23400 
23408 
23460 
23464 
23472 
23492 
23496 
23504 
23908 
23912 
23920 
23972 
23976 
23984 
24004 
24008 
24016 
24164 
24168 
24176 
24228 
24232 
24240 
24260 
24264 
24272 
24332 
24340 
24344 
24353 
24354 
24385 
24386 
24449 
24450 
27492 
27496 
27504 
27556 
27560 
27568 
27588 
27592 
27600 
28004 
28008 
28016 
28068 
28072 
28080 
28100 
28104 
28112 
28260 
28264 
28272 
28324 
28328 
28336 
28356 
28360 
28368 
28428 
28436 
28440 
28449 
28450 
28481 
28482 
28545 
28546 
29540 
29544 
29552 
29604 
29608 
29616 
29636 
29640 
29648 
30052 
30056 
30064 
30116 
30120 
30128 
30148 
30152 
30160 
30308 
30312 
30320 
30372 
30376 
30384 
30404 
30408 
30416 
30476 
30484 
30488 
30497 
30498 
30529 
30530 
30593 
30594 
22496 
36832 
38880 
42976 
39780 
39784 
39792 
39844 
39848 
39856 
39876 
39880 
39888 
40292 
40296 
40304 
40356 
40360 
40368 
40388 
40392 
40400 
40548 
40552 
40560 
40612 
40616 
40624 
40644 
40648 
40656 
40716 
40724 
40728 
40737 
40738 
40769 
40770 
40833 
40834 
43876 
43880 
43888 
43940 
43944 
43952 
43972 
43976 
43984 
44388 
44392 
44400 
44452 
44456 
44464 
44484 
44488 
44496 
44644 
44648 
44656 
44708 
44712 
44720 
44740 
44744 
44752 
44812 
44820 
44824 
44833 
44834 
44865 
44866 
44929 
44930 
45924 
45928 
45936 
45988 
45992 
46000 
46020 
46024 
46032 
46436 
46440 
46448 
46500 
46504 
46512 
46532 
46536 
46544 
46692 
46696 
46704 
46756 
46760 
46768 
46788 
46792 
46800 
46860 
46868 
46872 
46881 
46882 
46913 
46914 
46977 
46978 
47332 
47336 
47344 
47404 
47412 
47416 
47436 
47444 
47448 
47457 
47458 
47500 
47508 
47512 
47521 
47522 
47553 
47554 
47660 
47668 
47672 
47692 
47700 
47704 
47713 
47714 
47756 
47764 
47768 
47777 
47778 
47809 
47810 
47877 
47878 
47881 
47882 
47889 
47890 
48172 
48180 
48184 
48204 
48212 
48216 
48225 
48226 
48268 
48276 
48280 
48289 
48290 
48321 
48322 
48389 
48390 
48393 
48394 
48401 
48402 
48645 
48646 
48649 
48650 
48657 
48658 
51044 
51048 
51056 
51108 
51112 
51120 
51140 
51144 
51152 
51684 
51688 
51696 
51940 
51944 
51952 
52012 
52020 
52024 
52044 
52052 
52056 
52065 
52066 
52108 
52116 
52120 
52129 
52130 
52161 
52162 
52452 
52456 
52464 
52524 
52532 
52536 
52556 
52564 
52568 
52577 
52578 
52620 
52628 
52632 
52641 
52642 
52673 
52674 
52780 
52788 
52792 
52812 
52820 
52824 
52833 
52834 
52876 
52884 
52888 
52897 
52898 
52929 
52930 
52997 
52998 
53001 
53002 
53009 
53010 
53732 
53736 
53744 
53988 
53992 
54000 
54060 
54068 
54072 
54092 
54100 
54104 
54113 
54114 
54156 
54164 
54168 
54177 
54178 
54209 
54210 
54500 
54504 
54512 
54572 
54580 
54584 
54604 
54612 
54616 
54625 
54626 
54668 
54676 
54680 
54689 
54690 
54721 
54722 
54828 
54836 
54840 
54860 
54868 
54872 
54881 
54882 
54924 
54932 
54936 
54945 
54946 
54977 
54978 
55045 
55046 
55049 
55050 
55057 
55058 
55404 
55412 
55416 
55468 
55476 
55480 
55500 
55508 
55512 
55521 
55522 
55580 
55589 
55590 
55593 
55594 
55601 
55602 
55621 
55622 
55625 
55626 
55633 
55634 
55685 
55686 
55689 
55690 
55697 
55698 
55836 
55845 
55846 
55849 
55850 
55857 
55858 
55877 
55878 
55881 
55882 
55889 
55890 
55941 
55942 
55945 
55946 
55953 
55954 
56067 
56348 
56357 
56358 
56361 
56362 
56369 
56370 
56389 
56390 
56393 
56394 
56401 
56402 
56453 
56454 
56457 
56458 
56465 
56466 
56579 
56835 
59500 
59508 
59512 
59564 
59572 
59576 
59596 
59604 
59608 
59617 
59618 
59676 
59685 
59686 
59689 
59690 
59697 
59698 
59717 
59718 
59721 
59722 
59729 
59730 
59781 
59782 
59785 
59786 
59793 
59794 
59932 
59941 
59942 
59945 
59946 
59953 
59954 
59973 
59974 
59977 
59978 
59985 
59986 
60037 
60038 
60041 
60042 
60049 
60050 
60163 
60444 
60453 
60454 
60457 
60458 
60465 
60466 
60485 
60486 
60489 
60490 
60497 
60498 
60549 
60550 
60553 
60554 
60561 
60562 
60675 
60931 
57828 
57832 
57840 
58084 
58088 
58096 
58156 
58164 
58168 
58188 
58196 
58200 
58209 
58210 
58252 
58260 
58264 
58273 
58274 
58305 
58306 
58596 
58600 
58608 
58668 
58676 
58680 
58700 
58708 
58712 
58721 
58722 
58764 
58772 
58776 
58785 
58786 
58817 
58818 
58924 
58932 
58936 
58956 
58964 
58968 
58977 
58978 
59020 
59028 
59032 
59041 
59042 
59073 
59074 
59141 
59142 
59145 
59146 
59153 
59154 
61548 
61556 
61560 
61612 
61620 
61624 
61644 
61652 
61656 
61665 
61666 
61724 
61733 
61734 
61737 
61738 
61745 
61746 
61765 
61766 
61769 
61770 
61777 
61778 
61829 
61830 
61833 
61834 
61841 
61842 
61980 
61989 
61990 
61993 
61994 
62001 
62002 
62021 
62022 
62025 
62026 
62033 
62034 
62085 
62086 
62089 
62090 
62097 
62098 
62211 
62492 
62501 
62502 
62505 
62506 
62513 
62514 
62533 
62534 
62537 
62538 
62545 
62546 
62597 
62598 
62601 
62602 
62609 
62610 
62723 
62979 
63501 
63502 
63509 
63510 
63513 
63514 
63523 
63555 
63619 
