16224 
16288 
16320 
31076 
31080 
31088 
31140 
31144 
31152 
31172 
31176 
31184 
31332 
31336 
31344 
31396 
31400 
31408 
31428 
31432 
31440 
31500 
31508 
31512 
31521 
31522 
31553 
31554 
31617 
31618 
31844 
31848 
31856 
31908 
31912 
31920 
31940 
31944 
31952 
32012 
32020 
32024 
32033 
32034 
32065 
32066 
32129 
32130 
32268 
32276 
32280 
32289 
32290 
32321 
32322 
32385 
32386 
23520 
24032 
24288 
24356 
24360 
24368 
24388 
24392 
24400 
24452 
24456 
24464 
27616 
28128 
28384 
28452 
28456 
28464 
28484 
28488 
28496 
28548 
28552 
28560 
29664 
30176 
30432 
30500 
30504 
30512 
30532 
30536 
30544 
30596 
30600 
30608 
39904 
40416 
40672 
40740 
40744 
40752 
40772 
40776 
40784 
40836 
40840 
40848 
44000 
44512 
44768 
44836 
44840 
44848 
44868 
44872 
44880 
44932 
44936 
44944 
46048 
46560 
46816 
46884 
46888 
46896 
46916 
46920 
46928 
46980 
46984 
46992 
47460 
47464 
47472 
47524 
47528 
47536 
47556 
47560 
47568 
47716 
47720 
47728 
47780 
47784 
47792 
47812 
47816 
47824 
47884 
47892 
47896 
47905 
47906 
47937 
47938 
48001 
48002 
48228 
48232 
48240 
48292 
48296 
48304 
48324 
48328 
48336 
48396 
48404 
48408 
48417 
48418 
48449 
48450 
48513 
48514 
48652 
48660 
48664 
48673 
48674 
48705 
48706 
48769 
48770 
51168 
52068 
52072 
52080 
52132 
52136 
52144 
52164 
52168 
52176 
52580 
52584 
52592 
52644 
52648 
52656 
52676 
52680 
52688 
52836 
52840 
52848 
52900 
52904 
52912 
52932 
52936 
52944 
53004 
53012 
53016 
53025 
53026 
53057 
53058 
53121 
53122 
54116 
54120 
54128 
54180 
54184 
54192 
54212 
54216 
54224 
54628 
54632 
54640 
54692 
54696 
54704 
54724 
54728 
54736 
54884 
54888 
54896 
54948 
54952 
54960 
54980 
54984 
54992 
55052 
55060 
55064 
55073 
55074 
55105 
55106 
55169 
55170 
55524 
55528 
55536 
55596 
55604 
55608 
55628 
55636 
55640 
55649 
55650 
55692 
55700 
55704 
55713 
55714 
55745 
55746 
55852 
55860 
55864 
55884 
55892 
55896 
55905 
55906 
55948 
55956 
55960 
55969 
55970 
56001 
56002 
56069 
56070 
56073 
56074 
56081 
56082 
56364 
56372 
56376 
56396 
56404 
56408 
56417 
56418 
56460 
56468 
56472 
56481 
56482 
56513 
56514 
56581 
56582 
56585 
56586 
56593 
56594 
56837 
56838 
56841 
56842 
56849 
56850 
59620 
59624 
59632 
59692 
59700 
59704 
59724 
59732 
59736 
59745 
59746 
59788 
59796 
59800 
59809 
59810 
59841 
59842 
59948 
59956 
59960 
59980 
59988 
59992 
60001 
60002 
60044 
60052 
60056 
60065 
60066 
60097 
60098 
60165 
60166 
60169 
60170 
60177 
60178 
60460 
60468 
60472 
60492 
60500 
60504 
60513 
60514 
60556 
60564 
60568 
60577 
60578 
60609 
60610 
60677 
60678 
60681 
60682 
60689 
60690 
60933 
60934 
60937 
60938 
60945 
60946 
58212 
58216 
58224 
58276 
58280 
58288 
58308 
58312 
58320 
58724 
58728 
58736 
58788 
58792 
58800 
58820 
58824 
58832 
58980 
58984 
58992 
59044 
59048 
59056 
59076 
59080 
59088 
59148 
59156 
59160 
59169 
59170 
59201 
59202 
59265 
59266 
61668 
61672 
61680 
61740 
61748 
61752 
61772 
61780 
61784 
61793 
61794 
61836 
61844 
61848 
61857 
61858 
61889 
61890 
61996 
62004 
62008 
62028 
62036 
62040 
62049 
62050 
62092 
62100 
62104 
62113 
62114 
62145 
62146 
62213 
62214 
62217 
62218 
62225 
62226 
62508 
62516 
62520 
62540 
62548 
62552 
62561 
62562 
62604 
62612 
62616 
62625 
62626 
62657 
62658 
62725 
62726 
62729 
62730 
62737 
62738 
62981 
62982 
62985 
62986 
62993 
62994 
63516 
63525 
63526 
63529 
63530 
63537 
63538 
63557 
63558 
63561 
63562 
63569 
63570 
63621 
63622 
63625 
63626 
63633 
63634 
63747 
64003 
64515 
