31200 
31456 
31524 
31528 
31536 
31556 
31560 
31568 
31620 
31624 
31632 
31968 
32036 
32040 
32048 
32068 
32072 
32080 
32132 
32136 
32144 
32292 
32296 
32304 
32324 
32328 
32336 
32388 
32392 
32400 
32513 
32514 
24416 
24480 
24512 
28512 
28576 
28608 
30560 
30624 
30656 
40800 
40864 
40896 
44896 
44960 
44992 
46944 
47008 
47040 
47584 
47840 
47908 
47912 
47920 
47940 
47944 
47952 
48004 
48008 
48016 
48352 
48420 
48424 
48432 
48452 
48456 
48464 
48516 
48520 
48528 
48676 
48680 
48688 
48708 
48712 
48720 
48772 
48776 
48784 
48897 
48898 
52192 
52704 
52960 
53028 
53032 
53040 
53060 
53064 
53072 
53124 
53128 
53136 
54240 
54752 
55008 
55076 
55080 
55088 
55108 
55112 
55120 
55172 
55176 
55184 
55652 
55656 
55664 
55716 
55720 
55728 
55748 
55752 
55760 
55908 
55912 
55920 
55972 
55976 
55984 
56004 
56008 
56016 
56076 
56084 
56088 
56097 
56098 
56129 
56130 
56193 
56194 
56420 
56424 
56432 
56484 
56488 
56496 
56516 
56520 
56528 
56588 
56596 
56600 
56609 
56610 
56641 
56642 
56705 
56706 
56844 
56852 
56856 
56865 
56866 
56897 
56898 
56961 
56962 
59748 
59752 
59760 
59812 
59816 
59824 
59844 
59848 
59856 
60004 
60008 
60016 
60068 
60072 
60080 
60100 
60104 
60112 
60172 
60180 
60184 
60193 
60194 
60225 
60226 
60289 
60290 
60516 
60520 
60528 
60580 
60584 
60592 
60612 
60616 
60624 
60684 
60692 
60696 
60705 
60706 
60737 
60738 
60801 
60802 
60940 
60948 
60952 
60961 
60962 
60993 
60994 
61057 
61058 
58336 
58848 
59104 
59172 
59176 
59184 
59204 
59208 
59216 
59268 
59272 
59280 
61796 
61800 
61808 
61860 
61864 
61872 
61892 
61896 
61904 
62052 
62056 
62064 
62116 
62120 
62128 
62148 
62152 
62160 
62220 
62228 
62232 
62241 
62242 
62273 
62274 
62337 
62338 
62564 
62568 
62576 
62628 
62632 
62640 
62660 
62664 
62672 
62732 
62740 
62744 
62753 
62754 
62785 
62786 
62849 
62850 
62988 
62996 
63000 
63009 
63010 
63041 
63042 
63105 
63106 
63532 
63540 
63544 
63564 
63572 
63576 
63585 
63586 
63628 
63636 
63640 
63649 
63650 
63681 
63682 
63749 
63750 
63753 
63754 
63761 
63762 
64005 
64006 
64009 
64010 
64017 
64018 
64517 
64518 
64521 
64522 
64529 
64530 
