31584 
31648 
31680 
32096 
32160 
32192 
32352 
32416 
32448 
32516 
32520 
32528 
47968 
48032 
48064 
48480 
48544 
48576 
48736 
48800 
48832 
48900 
48904 
48912 
53088 
53152 
53184 
55136 
55200 
55232 
55776 
56032 
56100 
56104 
56112 
56132 
56136 
56144 
56196 
56200 
56208 
56544 
56612 
56616 
56624 
56644 
56648 
56656 
56708 
56712 
56720 
56868 
56872 
56880 
56900 
56904 
56912 
56964 
56968 
56976 
57089 
57090 
59872 
60128 
60196 
60200 
60208 
60228 
60232 
60240 
60292 
60296 
60304 
60640 
60708 
60712 
60720 
60740 
60744 
60752 
60804 
60808 
60816 
60964 
60968 
60976 
60996 
61000 
61008 
61060 
61064 
61072 
61185 
61186 
59232 
59296 
59328 
61920 
62176 
62244 
62248 
62256 
62276 
62280 
62288 
62340 
62344 
62352 
62688 
62756 
62760 
62768 
62788 
62792 
62800 
62852 
62856 
62864 
63012 
63016 
63024 
63044 
63048 
63056 
63108 
63112 
63120 
63233 
63234 
63588 
63592 
63600 
63652 
63656 
63664 
63684 
63688 
63696 
63756 
63764 
63768 
63777 
63778 
63809 
63810 
63873 
63874 
64012 
64020 
64024 
64033 
64034 
64065 
64066 
64129 
64130 
64524 
64532 
64536 
64545 
64546 
64577 
64578 
64641 
64642 
