32544 
32576 
32640 
48928 
48960 
49024 
56160 
56224 
56256 
56672 
56736 
56768 
56928 
56992 
57024 
57092 
57096 
57104 
60256 
60320 
60352 
60768 
60832 
60864 
61024 
61088 
61120 
61188 
61192 
61200 
62304 
62368 
62400 
62816 
62880 
62912 
63072 
63136 
63168 
63236 
63240 
63248 
63712 
63780 
63784 
63792 
63812 
63816 
63824 
63876 
63880 
63888 
64036 
64040 
64048 
64068 
64072 
64080 
64132 
64136 
64144 
64257 
64258 
64548 
64552 
64560 
64580 
64584 
64592 
64644 
64648 
64656 
64769 
64770 
65025 
65026 
