6116 
6120 
6128 
4068 
4072 
4080 
7020 
7028 
7032 
7084 
7092 
7096 
7116 
7124 
7128 
7137 
7138 
7532 
7540 
7544 
7596 
7604 
7608 
7628 
7636 
7640 
7649 
7650 
7788 
7796 
7800 
7852 
7860 
7864 
7884 
7892 
7896 
7905 
7906 
7964 
7973 
7974 
7977 
7978 
7985 
7986 
8005 
8006 
8009 
8010 
8017 
8018 
8069 
8070 
8073 
8074 
8081 
8082 
10212 
10216 
10224 
13164 
13172 
13176 
13228 
13236 
13240 
13260 
13268 
13272 
13281 
13282 
13676 
13684 
13688 
13740 
13748 
13752 
13772 
13780 
13784 
13793 
13794 
13932 
13940 
13944 
13996 
14004 
14008 
14028 
14036 
14040 
14049 
14050 
14108 
14117 
14118 
14121 
14122 
14129 
14130 
14149 
14150 
14153 
14154 
14161 
14162 
14213 
14214 
14217 
14218 
14225 
14226 
11116 
11124 
11128 
11180 
11188 
11192 
11212 
11220 
11224 
11233 
11234 
11628 
11636 
11640 
11692 
11700 
11704 
11724 
11732 
11736 
11745 
11746 
11884 
11892 
11896 
11948 
11956 
11960 
11980 
11988 
11992 
12001 
12002 
12060 
12069 
12070 
12073 
12074 
12081 
12082 
12101 
12102 
12105 
12106 
12113 
12114 
12165 
12166 
12169 
12170 
12177 
12178 
14572 
14580 
14584 
14652 
14684 
14693 
14694 
14697 
14698 
14705 
14706 
14748 
14757 
14758 
14761 
14762 
14769 
14770 
14789 
14790 
14793 
14794 
14801 
14802 
14908 
14940 
14949 
14950 
14953 
14954 
14961 
14962 
15004 
15013 
15014 
15017 
15018 
15025 
15026 
15045 
15046 
15049 
15050 
15057 
15058 
15117 
15118 
15125 
15126 
15129 
15130 
15139 
15171 
15235 
15420 
15452 
15461 
15462 
15465 
15466 
15473 
15474 
15516 
15525 
15526 
15529 
15530 
15537 
15538 
15557 
15558 
15561 
15562 
15569 
15570 
15629 
15630 
15637 
15638 
15641 
15642 
15651 
15683 
15747 
15885 
15886 
15893 
15894 
15897 
15898 
15907 
15939 
16003 
18284 
18292 
18296 
18348 
18356 
18360 
18380 
18388 
18392 
18401 
18402 
18924 
18932 
18936 
19180 
19188 
19192 
19260 
19292 
19301 
19302 
19305 
19306 
19313 
19314 
19356 
19365 
19366 
19369 
19370 
19377 
19378 
19397 
19398 
19401 
19402 
19409 
19410 
19692 
19700 
19704 
19772 
19804 
19813 
19814 
19817 
19818 
19825 
19826 
19868 
19877 
19878 
19881 
19882 
19889 
19890 
19909 
19910 
19913 
19914 
19921 
19922 
20028 
20060 
20069 
20070 
20073 
20074 
20081 
20082 
20124 
20133 
20134 
20137 
20138 
20145 
20146 
20165 
20166 
20169 
20170 
20177 
20178 
20237 
20238 
20245 
20246 
20249 
20250 
20259 
20291 
20355 
25068 
25076 
25080 
25324 
25332 
25336 
25404 
25436 
25445 
25446 
25449 
25450 
25457 
25458 
25500 
25509 
25510 
25513 
25514 
25521 
25522 
25541 
25542 
25545 
25546 
25553 
25554 
25836 
25844 
25848 
25916 
25948 
25957 
25958 
25961 
25962 
25969 
25970 
26012 
26021 
26022 
26025 
26026 
26033 
26034 
26053 
26054 
26057 
26058 
26065 
26066 
26172 
26204 
26213 
26214 
26217 
26218 
26225 
26226 
26268 
26277 
26278 
26281 
26282 
26289 
26290 
26309 
26310 
26313 
26314 
26321 
26322 
26381 
26382 
26389 
26390 
26393 
26394 
26403 
26435 
26499 
30749 
30750 
30759 
30763 
30771 
30791 
30795 
30803 
30855 
30859 
30867 
22652 
22716 
22748 
22757 
22758 
22761 
22762 
22769 
22770 
22829 
22830 
22837 
22838 
22841 
22842 
22861 
22862 
22869 
22870 
22873 
22874 
22883 
22925 
22926 
22933 
22934 
22937 
22938 
22947 
22979 
23085 
23086 
23093 
23094 
23097 
23098 
23117 
23118 
23125 
23126 
23129 
23130 
23139 
23181 
23182 
23189 
23190 
23193 
23194 
23203 
23235 
23303 
23307 
23315 
23597 
23598 
23605 
23606 
23609 
23610 
23629 
23630 
23637 
23638 
23641 
23642 
23651 
23693 
23694 
23701 
23702 
23705 
23706 
23715 
23747 
23815 
23819 
23827 
24071 
24075 
24083 
26748 
26812 
26844 
26853 
26854 
26857 
26858 
26865 
26866 
26925 
26926 
26933 
26934 
26937 
26938 
26957 
26958 
26965 
26966 
26969 
26970 
26979 
27021 
27022 
27029 
27030 
27033 
27034 
27043 
27075 
27181 
27182 
27189 
27190 
27193 
27194 
27213 
27214 
27221 
27222 
27225 
27226 
27235 
27277 
27278 
27285 
27286 
27289 
27290 
27299 
27331 
27399 
27403 
27411 
27693 
27694 
27701 
27702 
27705 
27706 
27725 
27726 
27733 
27734 
27737 
27738 
27747 
27789 
27790 
27797 
27798 
27801 
27802 
27811 
27843 
27911 
27915 
27923 
28167 
28171 
28179 
28796 
28860 
28892 
28901 
28902 
28905 
28906 
28913 
28914 
28973 
28974 
28981 
28982 
28985 
28986 
29005 
29006 
29013 
29014 
29017 
29018 
29027 
29069 
29070 
29077 
29078 
29081 
29082 
29091 
29123 
29229 
29230 
29237 
29238 
29241 
29242 
29261 
29262 
29269 
29270 
29273 
29274 
29283 
29325 
29326 
29333 
29334 
29337 
29338 
29347 
29379 
29447 
29451 
29459 
29741 
29742 
29749 
29750 
29753 
29754 
29773 
29774 
29781 
29782 
29785 
29786 
29795 
29837 
29838 
29845 
29846 
29849 
29850 
29859 
29891 
29959 
29963 
29971 
30215 
30219 
30227 
20972 
20980 
20984 
21228 
21236 
21240 
21308 
21340 
21349 
21350 
21353 
21354 
21361 
21362 
21404 
21413 
21414 
21417 
21418 
21425 
21426 
21445 
21446 
21449 
21450 
21457 
21458 
21740 
21748 
21752 
21820 
21852 
21861 
21862 
21865 
21866 
21873 
21874 
21916 
21925 
21926 
21929 
21930 
21937 
21938 
21957 
21958 
21961 
21962 
21969 
21970 
22076 
22108 
22117 
22118 
22121 
22122 
22129 
22130 
22172 
22181 
22182 
22185 
22186 
22193 
22194 
22213 
22214 
22217 
22218 
22225 
22226 
22285 
22286 
22293 
22294 
22297 
22298 
22307 
22339 
22403 
35308 
35316 
35320 
35564 
35572 
35576 
35644 
35676 
35685 
35686 
35689 
35690 
35697 
35698 
35740 
35749 
35750 
35753 
35754 
35761 
35762 
35781 
35782 
35785 
35786 
35793 
35794 
36076 
36084 
36088 
36156 
36188 
36197 
36198 
36201 
36202 
36209 
36210 
36252 
36261 
36262 
36265 
36266 
36273 
36274 
36293 
36294 
36297 
36298 
36305 
36306 
36412 
36444 
36453 
36454 
36457 
36458 
36465 
36466 
36508 
36517 
36518 
36521 
36522 
36529 
36530 
36549 
36550 
36553 
36554 
36561 
36562 
36621 
36622 
36629 
36630 
36633 
36634 
36643 
36675 
36739 
37356 
37364 
37368 
37612 
37620 
37624 
37692 
37724 
37733 
37734 
37737 
37738 
37745 
37746 
37788 
37797 
37798 
37801 
37802 
37809 
37810 
37829 
37830 
37833 
37834 
37841 
37842 
38124 
38132 
38136 
38204 
38236 
38245 
38246 
38249 
38250 
38257 
38258 
38300 
38309 
38310 
38313 
38314 
38321 
38322 
38341 
38342 
38345 
38346 
38353 
38354 
38460 
38492 
38501 
38502 
38505 
38506 
38513 
38514 
38556 
38565 
38566 
38569 
38570 
38577 
38578 
38597 
38598 
38601 
38602 
38609 
38610 
38669 
38670 
38677 
38678 
38681 
38682 
38691 
38723 
38787 
34668 
34676 
34680 
34732 
34740 
34744 
34764 
34772 
34776 
34785 
34786 
39036 
39100 
39132 
39141 
39142 
39145 
39146 
39153 
39154 
39213 
39214 
39221 
39222 
39225 
39226 
39245 
39246 
39253 
39254 
39257 
39258 
39267 
39309 
39310 
39317 
39318 
39321 
39322 
39331 
39363 
39469 
39470 
39477 
39478 
39481 
39482 
39501 
39502 
39509 
39510 
39513 
39514 
39523 
39565 
39566 
39573 
39574 
39577 
39578 
39587 
39619 
39687 
39691 
39699 
39981 
39982 
39989 
39990 
39993 
39994 
40013 
40014 
40021 
40022 
40025 
40026 
40035 
40077 
40078 
40085 
40086 
40089 
40090 
40099 
40131 
40199 
40203 
40211 
40455 
40459 
40467 
41452 
41460 
41464 
41708 
41716 
41720 
41788 
41820 
41829 
41830 
41833 
41834 
41841 
41842 
41884 
41893 
41894 
41897 
41898 
41905 
41906 
41925 
41926 
41929 
41930 
41937 
41938 
42220 
42228 
42232 
42300 
42332 
42341 
42342 
42345 
42346 
42353 
42354 
42396 
42405 
42406 
42409 
42410 
42417 
42418 
42437 
42438 
42441 
42442 
42449 
42450 
42556 
42588 
42597 
42598 
42601 
42602 
42609 
42610 
42652 
42661 
42662 
42665 
42666 
42673 
42674 
42693 
42694 
42697 
42698 
42705 
42706 
42765 
42766 
42773 
42774 
42777 
42778 
42787 
42819 
42883 
43132 
43196 
43228 
43237 
43238 
43241 
43242 
43249 
43250 
43309 
43310 
43317 
43318 
43321 
43322 
43341 
43342 
43349 
43350 
43353 
43354 
43363 
43405 
43406 
43413 
43414 
43417 
43418 
43427 
43459 
43565 
43566 
43573 
43574 
43577 
43578 
43597 
43598 
43605 
43606 
43609 
43610 
43619 
43661 
43662 
43669 
43670 
43673 
43674 
43683 
43715 
43783 
43787 
43795 
44077 
44078 
44085 
44086 
44089 
44090 
44109 
44110 
44117 
44118 
44121 
44122 
44131 
44173 
44174 
44181 
44182 
44185 
44186 
44195 
44227 
44295 
44299 
44307 
44551 
44555 
44563 
45180 
45244 
45276 
45285 
45286 
45289 
45290 
45297 
45298 
45357 
45358 
45365 
45366 
45369 
45370 
45389 
45390 
45397 
45398 
45401 
45402 
45411 
45453 
45454 
45461 
45462 
45465 
45466 
45475 
45507 
45613 
45614 
45621 
45622 
45625 
45626 
45645 
45646 
45653 
45654 
45657 
45658 
45667 
45709 
45710 
45717 
45718 
45721 
45722 
45731 
45763 
45831 
45835 
45843 
46125 
46126 
46133 
46134 
46137 
46138 
46157 
46158 
46165 
46166 
46169 
46170 
46179 
46221 
46222 
46229 
46230 
46233 
46234 
46243 
46275 
46343 
46347 
46355 
46599 
46603 
46611 
47133 
47134 
47143 
47147 
47155 
47175 
47179 
47187 
47239 
47243 
47251 
49532 
49596 
49628 
49637 
49638 
49641 
49642 
49649 
49650 
49788 
49852 
49884 
49893 
49894 
49897 
49898 
49905 
49906 
49965 
49966 
49973 
49974 
49977 
49978 
49997 
49998 
50005 
50006 
50009 
50010 
50019 
50061 
50062 
50069 
50070 
50073 
50074 
50083 
50115 
50300 
50364 
50396 
50405 
50406 
50409 
50410 
50417 
50418 
50477 
50478 
50485 
50486 
50489 
50490 
50509 
50510 
50517 
50518 
50521 
50522 
50531 
50573 
50574 
50581 
50582 
50585 
50586 
50595 
50627 
50733 
50734 
50741 
50742 
50745 
50746 
50765 
50766 
50773 
50774 
50777 
50778 
50787 
50829 
50830 
50837 
50838 
50841 
50842 
50851 
50883 
50951 
50955 
50963 
51309 
51310 
51317 
51318 
51321 
51322 
51373 
51374 
51381 
51382 
51385 
51386 
51405 
51406 
51413 
51414 
51417 
51418 
51427 
51485 
51486 
51495 
51499 
51507 
51527 
51531 
51539 
51591 
51595 
51603 
51741 
51742 
51751 
51755 
51763 
51783 
51787 
51795 
51847 
51851 
51859 
52253 
52254 
52263 
52267 
52275 
52295 
52299 
52307 
52359 
52363 
52371 
53357 
53358 
53365 
53366 
53369 
53370 
53421 
53422 
53429 
53430 
53433 
53434 
53453 
53454 
53461 
53462 
53465 
53466 
53475 
53533 
53534 
53543 
53547 
53555 
53575 
53579 
53587 
53639 
53643 
53651 
53789 
53790 
53799 
53803 
53811 
53831 
53835 
53843 
53895 
53899 
53907 
54301 
54302 
54311 
54315 
54323 
54343 
54347 
54355 
54407 
54411 
54419 
55311 
55319 
55323 
59407 
59415 
59419 
57453 
57454 
57461 
57462 
57465 
57466 
57517 
57518 
57525 
57526 
57529 
57530 
57549 
57550 
57557 
57558 
57561 
57562 
57571 
57629 
57630 
57639 
57643 
57651 
57671 
57675 
57683 
57735 
57739 
57747 
57885 
57886 
57895 
57899 
57907 
57927 
57931 
57939 
57991 
57995 
58003 
58397 
58398 
58407 
58411 
58419 
58439 
58443 
58451 
58503 
58507 
58515 
61455 
61463 
61467 
