5996 
6004 
6008 
6060 
6068 
6072 
6092 
6100 
6104 
6113 
6114 
3948 
3956 
3960 
4012 
4020 
4024 
4044 
4052 
4056 
4065 
4066 
6636 
6644 
6648 
6892 
6900 
6904 
6972 
7004 
7013 
7014 
7017 
7018 
7025 
7026 
7068 
7077 
7078 
7081 
7082 
7089 
7090 
7109 
7110 
7113 
7114 
7121 
7122 
7404 
7412 
7416 
7484 
7516 
7525 
7526 
7529 
7530 
7537 
7538 
7580 
7589 
7590 
7593 
7594 
7601 
7602 
7621 
7622 
7625 
7626 
7633 
7634 
7740 
7772 
7781 
7782 
7785 
7786 
7793 
7794 
7836 
7845 
7846 
7849 
7850 
7857 
7858 
7877 
7878 
7881 
7882 
7889 
7890 
7949 
7950 
7957 
7958 
7961 
7962 
7971 
8003 
8067 
10092 
10100 
10104 
10156 
10164 
10168 
10188 
10196 
10200 
10209 
10210 
12780 
12788 
12792 
13036 
13044 
13048 
13116 
13148 
13157 
13158 
13161 
13162 
13169 
13170 
13212 
13221 
13222 
13225 
13226 
13233 
13234 
13253 
13254 
13257 
13258 
13265 
13266 
13548 
13556 
13560 
13628 
13660 
13669 
13670 
13673 
13674 
13681 
13682 
13724 
13733 
13734 
13737 
13738 
13745 
13746 
13765 
13766 
13769 
13770 
13777 
13778 
13884 
13916 
13925 
13926 
13929 
13930 
13937 
13938 
13980 
13989 
13990 
13993 
13994 
14001 
14002 
14021 
14022 
14025 
14026 
14033 
14034 
14093 
14094 
14101 
14102 
14105 
14106 
14115 
14147 
14211 
10732 
10740 
10744 
10988 
10996 
11000 
11068 
11100 
11109 
11110 
11113 
11114 
11121 
11122 
11164 
11173 
11174 
11177 
11178 
11185 
11186 
11205 
11206 
11209 
11210 
11217 
11218 
11500 
11508 
11512 
11580 
11612 
11621 
11622 
11625 
11626 
11633 
11634 
11676 
11685 
11686 
11689 
11690 
11697 
11698 
11717 
11718 
11721 
11722 
11729 
11730 
11836 
11868 
11877 
11878 
11881 
11882 
11889 
11890 
11932 
11941 
11942 
11945 
11946 
11953 
11954 
11973 
11974 
11977 
11978 
11985 
11986 
12045 
12046 
12053 
12054 
12057 
12058 
12067 
12099 
12163 
14460 
14524 
14556 
14565 
14566 
14569 
14570 
14577 
14578 
14637 
14638 
14645 
14646 
14649 
14650 
14669 
14670 
14677 
14678 
14681 
14682 
14691 
14733 
14734 
14741 
14742 
14745 
14746 
14755 
14787 
14893 
14894 
14901 
14902 
14905 
14906 
14925 
14926 
14933 
14934 
14937 
14938 
14947 
14989 
14990 
14997 
14998 
15001 
15002 
15011 
15043 
15111 
15115 
15123 
15405 
15406 
15413 
15414 
15417 
15418 
15437 
15438 
15445 
15446 
15449 
15450 
15459 
15501 
15502 
15509 
15510 
15513 
15514 
15523 
15555 
15623 
15627 
15635 
15879 
15883 
15891 
17388 
17396 
17400 
17900 
17908 
17912 
18156 
18164 
18168 
18236 
18268 
18277 
18278 
18281 
18282 
18289 
18290 
18332 
18341 
18342 
18345 
18346 
18353 
18354 
18373 
18374 
18377 
18378 
18385 
18386 
18812 
18876 
18908 
18917 
18918 
18921 
18922 
18929 
18930 
19068 
19132 
19164 
19173 
19174 
19177 
19178 
19185 
19186 
19245 
19246 
19253 
19254 
19257 
19258 
19277 
19278 
19285 
19286 
19289 
19290 
19299 
19341 
19342 
19349 
19350 
19353 
19354 
19363 
19395 
19580 
19644 
19676 
19685 
19686 
19689 
19690 
19697 
19698 
19757 
19758 
19765 
19766 
19769 
19770 
19789 
19790 
19797 
19798 
19801 
19802 
19811 
19853 
19854 
19861 
19862 
19865 
19866 
19875 
19907 
20013 
20014 
20021 
20022 
20025 
20026 
20045 
20046 
20053 
20054 
20057 
20058 
20067 
20109 
20110 
20117 
20118 
20121 
20122 
20131 
20163 
20231 
20235 
20243 
24956 
25020 
25052 
25061 
25062 
25065 
25066 
25073 
25074 
25212 
25276 
25308 
25317 
25318 
25321 
25322 
25329 
25330 
25389 
25390 
25397 
25398 
25401 
25402 
25421 
25422 
25429 
25430 
25433 
25434 
25443 
25485 
25486 
25493 
25494 
25497 
25498 
25507 
25539 
25724 
25788 
25820 
25829 
25830 
25833 
25834 
25841 
25842 
25901 
25902 
25909 
25910 
25913 
25914 
25933 
25934 
25941 
25942 
25945 
25946 
25955 
25997 
25998 
26005 
26006 
26009 
26010 
26019 
26051 
26157 
26158 
26165 
26166 
26169 
26170 
26189 
26190 
26197 
26198 
26201 
26202 
26211 
26253 
26254 
26261 
26262 
26265 
26266 
26275 
26307 
26375 
26379 
26387 
30735 
30743 
30747 
22637 
22638 
22645 
22646 
22649 
22650 
22701 
22702 
22709 
22710 
22713 
22714 
22733 
22734 
22741 
22742 
22745 
22746 
22755 
22813 
22814 
22823 
22827 
22835 
22855 
22859 
22867 
22919 
22923 
22931 
23069 
23070 
23079 
23083 
23091 
23111 
23115 
23123 
23175 
23179 
23187 
23581 
23582 
23591 
23595 
23603 
23623 
23627 
23635 
23687 
23691 
23699 
26733 
26734 
26741 
26742 
26745 
26746 
26797 
26798 
26805 
26806 
26809 
26810 
26829 
26830 
26837 
26838 
26841 
26842 
26851 
26909 
26910 
26919 
26923 
26931 
26951 
26955 
26963 
27015 
27019 
27027 
27165 
27166 
27175 
27179 
27187 
27207 
27211 
27219 
27271 
27275 
27283 
27677 
27678 
27687 
27691 
27699 
27719 
27723 
27731 
27783 
27787 
27795 
28781 
28782 
28789 
28790 
28793 
28794 
28845 
28846 
28853 
28854 
28857 
28858 
28877 
28878 
28885 
28886 
28889 
28890 
28899 
28957 
28958 
28967 
28971 
28979 
28999 
29003 
29011 
29063 
29067 
29075 
29213 
29214 
29223 
29227 
29235 
29255 
29259 
29267 
29319 
29323 
29331 
29725 
29726 
29735 
29739 
29747 
29767 
29771 
29779 
29831 
29835 
29843 
20860 
20924 
20956 
20965 
20966 
20969 
20970 
20977 
20978 
21116 
21180 
21212 
21221 
21222 
21225 
21226 
21233 
21234 
21293 
21294 
21301 
21302 
21305 
21306 
21325 
21326 
21333 
21334 
21337 
21338 
21347 
21389 
21390 
21397 
21398 
21401 
21402 
21411 
21443 
21628 
21692 
21724 
21733 
21734 
21737 
21738 
21745 
21746 
21805 
21806 
21813 
21814 
21817 
21818 
21837 
21838 
21845 
21846 
21849 
21850 
21859 
21901 
21902 
21909 
21910 
21913 
21914 
21923 
21955 
22061 
22062 
22069 
22070 
22073 
22074 
22093 
22094 
22101 
22102 
22105 
22106 
22115 
22157 
22158 
22165 
22166 
22169 
22170 
22179 
22211 
22279 
22283 
22291 
35196 
35260 
35292 
35301 
35302 
35305 
35306 
35313 
35314 
35452 
35516 
35548 
35557 
35558 
35561 
35562 
35569 
35570 
35629 
35630 
35637 
35638 
35641 
35642 
35661 
35662 
35669 
35670 
35673 
35674 
35683 
35725 
35726 
35733 
35734 
35737 
35738 
35747 
35779 
35964 
36028 
36060 
36069 
36070 
36073 
36074 
36081 
36082 
36141 
36142 
36149 
36150 
36153 
36154 
36173 
36174 
36181 
36182 
36185 
36186 
36195 
36237 
36238 
36245 
36246 
36249 
36250 
36259 
36291 
36397 
36398 
36405 
36406 
36409 
36410 
36429 
36430 
36437 
36438 
36441 
36442 
36451 
36493 
36494 
36501 
36502 
36505 
36506 
36515 
36547 
36615 
36619 
36627 
37244 
37308 
37340 
37349 
37350 
37353 
37354 
37361 
37362 
37500 
37564 
37596 
37605 
37606 
37609 
37610 
37617 
37618 
37677 
37678 
37685 
37686 
37689 
37690 
37709 
37710 
37717 
37718 
37721 
37722 
37731 
37773 
37774 
37781 
37782 
37785 
37786 
37795 
37827 
38012 
38076 
38108 
38117 
38118 
38121 
38122 
38129 
38130 
38189 
38190 
38197 
38198 
38201 
38202 
38221 
38222 
38229 
38230 
38233 
38234 
38243 
38285 
38286 
38293 
38294 
38297 
38298 
38307 
38339 
38445 
38446 
38453 
38454 
38457 
38458 
38477 
38478 
38485 
38486 
38489 
38490 
38499 
38541 
38542 
38549 
38550 
38553 
38554 
38563 
38595 
38663 
38667 
38675 
33772 
33780 
33784 
34284 
34292 
34296 
34540 
34548 
34552 
34620 
34652 
34661 
34662 
34665 
34666 
34673 
34674 
34716 
34725 
34726 
34729 
34730 
34737 
34738 
34757 
34758 
34761 
34762 
34769 
34770 
39021 
39022 
39029 
39030 
39033 
39034 
39085 
39086 
39093 
39094 
39097 
39098 
39117 
39118 
39125 
39126 
39129 
39130 
39139 
39197 
39198 
39207 
39211 
39219 
39239 
39243 
39251 
39303 
39307 
39315 
39453 
39454 
39463 
39467 
39475 
39495 
39499 
39507 
39559 
39563 
39571 
39965 
39966 
39975 
39979 
39987 
40007 
40011 
40019 
40071 
40075 
40083 
41340 
41404 
41436 
41445 
41446 
41449 
41450 
41457 
41458 
41596 
41660 
41692 
41701 
41702 
41705 
41706 
41713 
41714 
41773 
41774 
41781 
41782 
41785 
41786 
41805 
41806 
41813 
41814 
41817 
41818 
41827 
41869 
41870 
41877 
41878 
41881 
41882 
41891 
41923 
42108 
42172 
42204 
42213 
42214 
42217 
42218 
42225 
42226 
42285 
42286 
42293 
42294 
42297 
42298 
42317 
42318 
42325 
42326 
42329 
42330 
42339 
42381 
42382 
42389 
42390 
42393 
42394 
42403 
42435 
42541 
42542 
42549 
42550 
42553 
42554 
42573 
42574 
42581 
42582 
42585 
42586 
42595 
42637 
42638 
42645 
42646 
42649 
42650 
42659 
42691 
42759 
42763 
42771 
43117 
43118 
43125 
43126 
43129 
43130 
43181 
43182 
43189 
43190 
43193 
43194 
43213 
43214 
43221 
43222 
43225 
43226 
43235 
43293 
43294 
43303 
43307 
43315 
43335 
43339 
43347 
43399 
43403 
43411 
43549 
43550 
43559 
43563 
43571 
43591 
43595 
43603 
43655 
43659 
43667 
44061 
44062 
44071 
44075 
44083 
44103 
44107 
44115 
44167 
44171 
44179 
45165 
45166 
45173 
45174 
45177 
45178 
45229 
45230 
45237 
45238 
45241 
45242 
45261 
45262 
45269 
45270 
45273 
45274 
45283 
45341 
45342 
45351 
45355 
45363 
45383 
45387 
45395 
45447 
45451 
45459 
45597 
45598 
45607 
45611 
45619 
45639 
45643 
45651 
45703 
45707 
45715 
46109 
46110 
46119 
46123 
46131 
46151 
46155 
46163 
46215 
46219 
46227 
47119 
47127 
47131 
49404 
49517 
49518 
49525 
49526 
49529 
49530 
49581 
49582 
49589 
49590 
49593 
49594 
49613 
49614 
49621 
49622 
49625 
49626 
49635 
49773 
49774 
49781 
49782 
49785 
49786 
49837 
49838 
49845 
49846 
49849 
49850 
49869 
49870 
49877 
49878 
49881 
49882 
49891 
49949 
49950 
49959 
49963 
49971 
49991 
49995 
50003 
50055 
50059 
50067 
50285 
50286 
50293 
50294 
50297 
50298 
50349 
50350 
50357 
50358 
50361 
50362 
50381 
50382 
50389 
50390 
50393 
50394 
50403 
50461 
50462 
50471 
50475 
50483 
50503 
50507 
50515 
50567 
50571 
50579 
50717 
50718 
50727 
50731 
50739 
50759 
50763 
50771 
50823 
50827 
50835 
51261 
51262 
51293 
51294 
51303 
51307 
51315 
51357 
51358 
51367 
51371 
51379 
51399 
51403 
51411 
51471 
51479 
51483 
51727 
51735 
51739 
52239 
52247 
52251 
53309 
53310 
53341 
53342 
53351 
53355 
53363 
53405 
53406 
53415 
53419 
53427 
53447 
53451 
53459 
53519 
53527 
53531 
53775 
53783 
53787 
54287 
54295 
54299 
57405 
57406 
57437 
57438 
57447 
57451 
57459 
57501 
57502 
57511 
57515 
57523 
57543 
57547 
57555 
57615 
57623 
57627 
57871 
57879 
57883 
58383 
58391 
58395 
