5100 
5108 
5112 
5612 
5620 
5624 
5868 
5876 
5880 
5948 
5980 
5989 
5990 
5993 
5994 
6001 
6002 
6044 
6053 
6054 
6057 
6058 
6065 
6066 
6085 
6086 
6089 
6090 
6097 
6098 
3052 
3060 
3064 
3564 
3572 
3576 
3820 
3828 
3832 
3900 
3932 
3941 
3942 
3945 
3946 
3953 
3954 
3996 
4005 
4006 
4009 
4010 
4017 
4018 
4037 
4038 
4041 
4042 
4049 
4050 
6524 
6588 
6620 
6629 
6630 
6633 
6634 
6641 
6642 
6780 
6844 
6876 
6885 
6886 
6889 
6890 
6897 
6898 
6957 
6958 
6965 
6966 
6969 
6970 
6989 
6990 
6997 
6998 
7001 
7002 
7011 
7053 
7054 
7061 
7062 
7065 
7066 
7075 
7107 
7292 
7356 
7388 
7397 
7398 
7401 
7402 
7409 
7410 
7469 
7470 
7477 
7478 
7481 
7482 
7501 
7502 
7509 
7510 
7513 
7514 
7523 
7565 
7566 
7573 
7574 
7577 
7578 
7587 
7619 
7725 
7726 
7733 
7734 
7737 
7738 
7757 
7758 
7765 
7766 
7769 
7770 
7779 
7821 
7822 
7829 
7830 
7833 
7834 
7843 
7875 
7943 
7947 
7955 
9196 
9204 
9208 
9708 
9716 
9720 
9964 
9972 
9976 
10044 
10076 
10085 
10086 
10089 
10090 
10097 
10098 
10140 
10149 
10150 
10153 
10154 
10161 
10162 
10181 
10182 
10185 
10186 
10193 
10194 
12668 
12732 
12764 
12773 
12774 
12777 
12778 
12785 
12786 
12924 
12988 
13020 
13029 
13030 
13033 
13034 
13041 
13042 
13101 
13102 
13109 
13110 
13113 
13114 
13133 
13134 
13141 
13142 
13145 
13146 
13155 
13197 
13198 
13205 
13206 
13209 
13210 
13219 
13251 
13436 
13500 
13532 
13541 
13542 
13545 
13546 
13553 
13554 
13613 
13614 
13621 
13622 
13625 
13626 
13645 
13646 
13653 
13654 
13657 
13658 
13667 
13709 
13710 
13717 
13718 
13721 
13722 
13731 
13763 
13869 
13870 
13877 
13878 
13881 
13882 
13901 
13902 
13909 
13910 
13913 
13914 
13923 
13965 
13966 
13973 
13974 
13977 
13978 
13987 
14019 
14087 
14091 
14099 
10620 
10684 
10716 
10725 
10726 
10729 
10730 
10737 
10738 
10876 
10940 
10972 
10981 
10982 
10985 
10986 
10993 
10994 
11053 
11054 
11061 
11062 
11065 
11066 
11085 
11086 
11093 
11094 
11097 
11098 
11107 
11149 
11150 
11157 
11158 
11161 
11162 
11171 
11203 
11388 
11452 
11484 
11493 
11494 
11497 
11498 
11505 
11506 
11565 
11566 
11573 
11574 
11577 
11578 
11597 
11598 
11605 
11606 
11609 
11610 
11619 
11661 
11662 
11669 
11670 
11673 
11674 
11683 
11715 
11821 
11822 
11829 
11830 
11833 
11834 
11853 
11854 
11861 
11862 
11865 
11866 
11875 
11917 
11918 
11925 
11926 
11929 
11930 
11939 
11971 
12039 
12043 
12051 
14445 
14446 
14453 
14454 
14457 
14458 
14509 
14510 
14517 
14518 
14521 
14522 
14541 
14542 
14549 
14550 
14553 
14554 
14563 
14621 
14622 
14631 
14635 
14643 
14663 
14667 
14675 
14727 
14731 
14739 
14877 
14878 
14887 
14891 
14899 
14919 
14923 
14931 
14983 
14987 
14995 
15389 
15390 
15399 
15403 
15411 
15431 
15435 
15443 
15495 
15499 
15507 
17276 
17340 
17372 
17381 
17382 
17385 
17386 
17393 
17394 
17788 
17852 
17884 
17893 
17894 
17897 
17898 
17905 
17906 
18044 
18108 
18140 
18149 
18150 
18153 
18154 
18161 
18162 
18221 
18222 
18229 
18230 
18233 
18234 
18253 
18254 
18261 
18262 
18265 
18266 
18275 
18317 
18318 
18325 
18326 
18329 
18330 
18339 
18371 
18684 
18797 
18798 
18805 
18806 
18809 
18810 
18861 
18862 
18869 
18870 
18873 
18874 
18893 
18894 
18901 
18902 
18905 
18906 
18915 
19053 
19054 
19061 
19062 
19065 
19066 
19117 
19118 
19125 
19126 
19129 
19130 
19149 
19150 
19157 
19158 
19161 
19162 
19171 
19229 
19230 
19239 
19243 
19251 
19271 
19275 
19283 
19335 
19339 
19347 
19565 
19566 
19573 
19574 
19577 
19578 
19629 
19630 
19637 
19638 
19641 
19642 
19661 
19662 
19669 
19670 
19673 
19674 
19683 
19741 
19742 
19751 
19755 
19763 
19783 
19787 
19795 
19847 
19851 
19859 
19997 
19998 
20007 
20011 
20019 
20039 
20043 
20051 
20103 
20107 
20115 
24828 
24941 
24942 
24949 
24950 
24953 
24954 
25005 
25006 
25013 
25014 
25017 
25018 
25037 
25038 
25045 
25046 
25049 
25050 
25059 
25197 
25198 
25205 
25206 
25209 
25210 
25261 
25262 
25269 
25270 
25273 
25274 
25293 
25294 
25301 
25302 
25305 
25306 
25315 
25373 
25374 
25383 
25387 
25395 
25415 
25419 
25427 
25479 
25483 
25491 
25709 
25710 
25717 
25718 
25721 
25722 
25773 
25774 
25781 
25782 
25785 
25786 
25805 
25806 
25813 
25814 
25817 
25818 
25827 
25885 
25886 
25895 
25899 
25907 
25927 
25931 
25939 
25991 
25995 
26003 
26141 
26142 
26151 
26155 
26163 
26183 
26187 
26195 
26247 
26251 
26259 
22589 
22590 
22621 
22622 
22631 
22635 
22643 
22685 
22686 
22695 
22699 
22707 
22727 
22731 
22739 
22799 
22807 
22811 
23055 
23063 
23067 
23567 
23575 
23579 
26685 
26686 
26717 
26718 
26727 
26731 
26739 
26781 
26782 
26791 
26795 
26803 
26823 
26827 
26835 
26895 
26903 
26907 
27151 
27159 
27163 
27663 
27671 
27675 
28733 
28734 
28765 
28766 
28775 
28779 
28787 
28829 
28830 
28839 
28843 
28851 
28871 
28875 
28883 
28943 
28951 
28955 
29199 
29207 
29211 
29711 
29719 
29723 
20732 
20845 
20846 
20853 
20854 
20857 
20858 
20909 
20910 
20917 
20918 
20921 
20922 
20941 
20942 
20949 
20950 
20953 
20954 
20963 
21101 
21102 
21109 
21110 
21113 
21114 
21165 
21166 
21173 
21174 
21177 
21178 
21197 
21198 
21205 
21206 
21209 
21210 
21219 
21277 
21278 
21287 
21291 
21299 
21319 
21323 
21331 
21383 
21387 
21395 
21613 
21614 
21621 
21622 
21625 
21626 
21677 
21678 
21685 
21686 
21689 
21690 
21709 
21710 
21717 
21718 
21721 
21722 
21731 
21789 
21790 
21799 
21803 
21811 
21831 
21835 
21843 
21895 
21899 
21907 
22045 
22046 
22055 
22059 
22067 
22087 
22091 
22099 
22151 
22155 
22163 
35068 
35181 
35182 
35189 
35190 
35193 
35194 
35245 
35246 
35253 
35254 
35257 
35258 
35277 
35278 
35285 
35286 
35289 
35290 
35299 
35437 
35438 
35445 
35446 
35449 
35450 
35501 
35502 
35509 
35510 
35513 
35514 
35533 
35534 
35541 
35542 
35545 
35546 
35555 
35613 
35614 
35623 
35627 
35635 
35655 
35659 
35667 
35719 
35723 
35731 
35949 
35950 
35957 
35958 
35961 
35962 
36013 
36014 
36021 
36022 
36025 
36026 
36045 
36046 
36053 
36054 
36057 
36058 
36067 
36125 
36126 
36135 
36139 
36147 
36167 
36171 
36179 
36231 
36235 
36243 
36381 
36382 
36391 
36395 
36403 
36423 
36427 
36435 
36487 
36491 
36499 
37116 
37229 
37230 
37237 
37238 
37241 
37242 
37293 
37294 
37301 
37302 
37305 
37306 
37325 
37326 
37333 
37334 
37337 
37338 
37347 
37485 
37486 
37493 
37494 
37497 
37498 
37549 
37550 
37557 
37558 
37561 
37562 
37581 
37582 
37589 
37590 
37593 
37594 
37603 
37661 
37662 
37671 
37675 
37683 
37703 
37707 
37715 
37767 
37771 
37779 
37997 
37998 
38005 
38006 
38009 
38010 
38061 
38062 
38069 
38070 
38073 
38074 
38093 
38094 
38101 
38102 
38105 
38106 
38115 
38173 
38174 
38183 
38187 
38195 
38215 
38219 
38227 
38279 
38283 
38291 
38429 
38430 
38439 
38443 
38451 
38471 
38475 
38483 
38535 
38539 
38547 
33660 
33724 
33756 
33765 
33766 
33769 
33770 
33777 
33778 
34172 
34236 
34268 
34277 
34278 
34281 
34282 
34289 
34290 
34428 
34492 
34524 
34533 
34534 
34537 
34538 
34545 
34546 
34605 
34606 
34613 
34614 
34617 
34618 
34637 
34638 
34645 
34646 
34649 
34650 
34659 
34701 
34702 
34709 
34710 
34713 
34714 
34723 
34755 
38973 
38974 
39005 
39006 
39015 
39019 
39027 
39069 
39070 
39079 
39083 
39091 
39111 
39115 
39123 
39183 
39191 
39195 
39439 
39447 
39451 
39951 
39959 
39963 
41212 
41325 
41326 
41333 
41334 
41337 
41338 
41389 
41390 
41397 
41398 
41401 
41402 
41421 
41422 
41429 
41430 
41433 
41434 
41443 
41581 
41582 
41589 
41590 
41593 
41594 
41645 
41646 
41653 
41654 
41657 
41658 
41677 
41678 
41685 
41686 
41689 
41690 
41699 
41757 
41758 
41767 
41771 
41779 
41799 
41803 
41811 
41863 
41867 
41875 
42093 
42094 
42101 
42102 
42105 
42106 
42157 
42158 
42165 
42166 
42169 
42170 
42189 
42190 
42197 
42198 
42201 
42202 
42211 
42269 
42270 
42279 
42283 
42291 
42311 
42315 
42323 
42375 
42379 
42387 
42525 
42526 
42535 
42539 
42547 
42567 
42571 
42579 
42631 
42635 
42643 
43069 
43070 
43101 
43102 
43111 
43115 
43123 
43165 
43166 
43175 
43179 
43187 
43207 
43211 
43219 
43279 
43287 
43291 
43535 
43543 
43547 
44047 
44055 
44059 
45117 
45118 
45149 
45150 
45159 
45163 
45171 
45213 
45214 
45223 
45227 
45235 
45255 
45259 
45267 
45327 
45335 
45339 
45583 
45591 
45595 
46095 
46103 
46107 
49389 
49390 
49397 
49398 
49401 
49402 
49469 
49470 
49501 
49502 
49511 
49515 
49523 
49565 
49566 
49575 
49579 
49587 
49607 
49611 
49619 
49725 
49726 
49757 
49758 
49767 
49771 
49779 
49821 
49822 
49831 
49835 
49843 
49863 
49867 
49875 
49935 
49943 
49947 
50237 
50238 
50269 
50270 
50279 
50283 
50291 
50333 
50334 
50343 
50347 
50355 
50375 
50379 
50387 
50447 
50455 
50459 
50703 
50711 
50715 
51247 
51255 
51259 
51279 
51287 
51291 
51343 
51351 
51355 
53295 
53303 
53307 
53327 
53335 
53339 
53391 
53399 
53403 
57391 
57399 
57403 
57423 
57431 
57435 
57487 
57495 
57499 
