2028 
2036 
2040 
4988 
5052 
5084 
5093 
5094 
5097 
5098 
5105 
5106 
5500 
5564 
5596 
5605 
5606 
5609 
5610 
5617 
5618 
5756 
5820 
5852 
5861 
5862 
5865 
5866 
5873 
5874 
5933 
5934 
5941 
5942 
5945 
5946 
5965 
5966 
5973 
5974 
5977 
5978 
5987 
6029 
6030 
6037 
6038 
6041 
6042 
6051 
6083 
2940 
3004 
3036 
3045 
3046 
3049 
3050 
3057 
3058 
3452 
3516 
3548 
3557 
3558 
3561 
3562 
3569 
3570 
3708 
3772 
3804 
3813 
3814 
3817 
3818 
3825 
3826 
3885 
3886 
3893 
3894 
3897 
3898 
3917 
3918 
3925 
3926 
3929 
3930 
3939 
3981 
3982 
3989 
3990 
3993 
3994 
4003 
4035 
6396 
6509 
6510 
6517 
6518 
6521 
6522 
6573 
6574 
6581 
6582 
6585 
6586 
6605 
6606 
6613 
6614 
6617 
6618 
6627 
6765 
6766 
6773 
6774 
6777 
6778 
6829 
6830 
6837 
6838 
6841 
6842 
6861 
6862 
6869 
6870 
6873 
6874 
6883 
6941 
6942 
6951 
6955 
6963 
6983 
6987 
6995 
7047 
7051 
7059 
7277 
7278 
7285 
7286 
7289 
7290 
7341 
7342 
7349 
7350 
7353 
7354 
7373 
7374 
7381 
7382 
7385 
7386 
7395 
7453 
7454 
7463 
7467 
7475 
7495 
7499 
7507 
7559 
7563 
7571 
7709 
7710 
7719 
7723 
7731 
7751 
7755 
7763 
7815 
7819 
7827 
9084 
9148 
9180 
9189 
9190 
9193 
9194 
9201 
9202 
9596 
9660 
9692 
9701 
9702 
9705 
9706 
9713 
9714 
9852 
9916 
9948 
9957 
9958 
9961 
9962 
9969 
9970 
10029 
10030 
10037 
10038 
10041 
10042 
10061 
10062 
10069 
10070 
10073 
10074 
10083 
10125 
10126 
10133 
10134 
10137 
10138 
10147 
10179 
12540 
12653 
12654 
12661 
12662 
12665 
12666 
12717 
12718 
12725 
12726 
12729 
12730 
12749 
12750 
12757 
12758 
12761 
12762 
12771 
12909 
12910 
12917 
12918 
12921 
12922 
12973 
12974 
12981 
12982 
12985 
12986 
13005 
13006 
13013 
13014 
13017 
13018 
13027 
13085 
13086 
13095 
13099 
13107 
13127 
13131 
13139 
13191 
13195 
13203 
13421 
13422 
13429 
13430 
13433 
13434 
13485 
13486 
13493 
13494 
13497 
13498 
13517 
13518 
13525 
13526 
13529 
13530 
13539 
13597 
13598 
13607 
13611 
13619 
13639 
13643 
13651 
13703 
13707 
13715 
13853 
13854 
13863 
13867 
13875 
13895 
13899 
13907 
13959 
13963 
13971 
10492 
10605 
10606 
10613 
10614 
10617 
10618 
10669 
10670 
10677 
10678 
10681 
10682 
10701 
10702 
10709 
10710 
10713 
10714 
10723 
10861 
10862 
10869 
10870 
10873 
10874 
10925 
10926 
10933 
10934 
10937 
10938 
10957 
10958 
10965 
10966 
10969 
10970 
10979 
11037 
11038 
11047 
11051 
11059 
11079 
11083 
11091 
11143 
11147 
11155 
11373 
11374 
11381 
11382 
11385 
11386 
11437 
11438 
11445 
11446 
11449 
11450 
11469 
11470 
11477 
11478 
11481 
11482 
11491 
11549 
11550 
11559 
11563 
11571 
11591 
11595 
11603 
11655 
11659 
11667 
11805 
11806 
11815 
11819 
11827 
11847 
11851 
11859 
11911 
11915 
11923 
14397 
14398 
14429 
14430 
14439 
14443 
14451 
14493 
14494 
14503 
14507 
14515 
14535 
14539 
14547 
14607 
14615 
14619 
14863 
14871 
14875 
15375 
15383 
15387 
16892 
17148 
17261 
17262 
17269 
17270 
17273 
17274 
17325 
17326 
17333 
17334 
17337 
17338 
17357 
17358 
17365 
17366 
17369 
17370 
17379 
17660 
17773 
17774 
17781 
17782 
17785 
17786 
17837 
17838 
17845 
17846 
17849 
17850 
17869 
17870 
17877 
17878 
17881 
17882 
17891 
18029 
18030 
18037 
18038 
18041 
18042 
18093 
18094 
18101 
18102 
18105 
18106 
18125 
18126 
18133 
18134 
18137 
18138 
18147 
18205 
18206 
18215 
18219 
18227 
18247 
18251 
18259 
18311 
18315 
18323 
18669 
18670 
18677 
18678 
18681 
18682 
18749 
18750 
18781 
18782 
18791 
18795 
18803 
18845 
18846 
18855 
18859 
18867 
18887 
18891 
18899 
19005 
19006 
19037 
19038 
19047 
19051 
19059 
19101 
19102 
19111 
19115 
19123 
19143 
19147 
19155 
19215 
19223 
19227 
19517 
19518 
19549 
19550 
19559 
19563 
19571 
19613 
19614 
19623 
19627 
19635 
19655 
19659 
19667 
19727 
19735 
19739 
19983 
19991 
19995 
24813 
24814 
24821 
24822 
24825 
24826 
24893 
24894 
24925 
24926 
24935 
24939 
24947 
24989 
24990 
24999 
25003 
25011 
25031 
25035 
25043 
25149 
25150 
25181 
25182 
25191 
25195 
25203 
25245 
25246 
25255 
25259 
25267 
25287 
25291 
25299 
25359 
25367 
25371 
25661 
25662 
25693 
25694 
25703 
25707 
25715 
25757 
25758 
25767 
25771 
25779 
25799 
25803 
25811 
25871 
25879 
25883 
26127 
26135 
26139 
22575 
22583 
22587 
22607 
22615 
22619 
22671 
22679 
22683 
26671 
26679 
26683 
26703 
26711 
26715 
26767 
26775 
26779 
28719 
28727 
28731 
28751 
28759 
28763 
28815 
28823 
28827 
20717 
20718 
20725 
20726 
20729 
20730 
20797 
20798 
20829 
20830 
20839 
20843 
20851 
20893 
20894 
20903 
20907 
20915 
20935 
20939 
20947 
21053 
21054 
21085 
21086 
21095 
21099 
21107 
21149 
21150 
21159 
21163 
21171 
21191 
21195 
21203 
21263 
21271 
21275 
21565 
21566 
21597 
21598 
21607 
21611 
21619 
21661 
21662 
21671 
21675 
21683 
21703 
21707 
21715 
21775 
21783 
21787 
22031 
22039 
22043 
35053 
35054 
35061 
35062 
35065 
35066 
35133 
35134 
35165 
35166 
35175 
35179 
35187 
35229 
35230 
35239 
35243 
35251 
35271 
35275 
35283 
35389 
35390 
35421 
35422 
35431 
35435 
35443 
35485 
35486 
35495 
35499 
35507 
35527 
35531 
35539 
35599 
35607 
35611 
35901 
35902 
35933 
35934 
35943 
35947 
35955 
35997 
35998 
36007 
36011 
36019 
36039 
36043 
36051 
36111 
36119 
36123 
36367 
36375 
36379 
37101 
37102 
37109 
37110 
37113 
37114 
37181 
37182 
37213 
37214 
37223 
37227 
37235 
37277 
37278 
37287 
37291 
37299 
37319 
37323 
37331 
37437 
37438 
37469 
37470 
37479 
37483 
37491 
37533 
37534 
37543 
37547 
37555 
37575 
37579 
37587 
37647 
37655 
37659 
37949 
37950 
37981 
37982 
37991 
37995 
38003 
38045 
38046 
38055 
38059 
38067 
38087 
38091 
38099 
38159 
38167 
38171 
38415 
38423 
38427 
33276 
33532 
33645 
33646 
33653 
33654 
33657 
33658 
33709 
33710 
33717 
33718 
33721 
33722 
33741 
33742 
33749 
33750 
33753 
33754 
33763 
34044 
34157 
34158 
34165 
34166 
34169 
34170 
34221 
34222 
34229 
34230 
34233 
34234 
34253 
34254 
34261 
34262 
34265 
34266 
34275 
34413 
34414 
34421 
34422 
34425 
34426 
34477 
34478 
34485 
34486 
34489 
34490 
34509 
34510 
34517 
34518 
34521 
34522 
34531 
34589 
34590 
34599 
34603 
34611 
34631 
34635 
34643 
34695 
34699 
34707 
38959 
38967 
38971 
38991 
38999 
39003 
39055 
39063 
39067 
41197 
41198 
41205 
41206 
41209 
41210 
41277 
41278 
41309 
41310 
41319 
41323 
41331 
41373 
41374 
41383 
41387 
41395 
41415 
41419 
41427 
41533 
41534 
41565 
41566 
41575 
41579 
41587 
41629 
41630 
41639 
41643 
41651 
41671 
41675 
41683 
41743 
41751 
41755 
42045 
42046 
42077 
42078 
42087 
42091 
42099 
42141 
42142 
42151 
42155 
42163 
42183 
42187 
42195 
42255 
42263 
42267 
42511 
42519 
42523 
43055 
43063 
43067 
43087 
43095 
43099 
43151 
43159 
43163 
45103 
45111 
45115 
45135 
45143 
45147 
45199 
45207 
45211 
49277 
49278 
49341 
49342 
49373 
49374 
49383 
49387 
49395 
49455 
49463 
49467 
49487 
49495 
49499 
49551 
49559 
49563 
49711 
49719 
49723 
49743 
49751 
49755 
49807 
49815 
49819 
50223 
50231 
50235 
50255 
50263 
50267 
50319 
50327 
50331 
51231 
53279 
57375 
