1916 
1980 
2012 
2021 
2022 
2025 
2026 
2033 
2034 
4604 
4860 
4973 
4974 
4981 
4982 
4985 
4986 
5037 
5038 
5045 
5046 
5049 
5050 
5069 
5070 
5077 
5078 
5081 
5082 
5091 
5372 
5485 
5486 
5493 
5494 
5497 
5498 
5549 
5550 
5557 
5558 
5561 
5562 
5581 
5582 
5589 
5590 
5593 
5594 
5603 
5741 
5742 
5749 
5750 
5753 
5754 
5805 
5806 
5813 
5814 
5817 
5818 
5837 
5838 
5845 
5846 
5849 
5850 
5859 
5917 
5918 
5927 
5931 
5939 
5959 
5963 
5971 
6023 
6027 
6035 
2556 
2812 
2925 
2926 
2933 
2934 
2937 
2938 
2989 
2990 
2997 
2998 
3001 
3002 
3021 
3022 
3029 
3030 
3033 
3034 
3043 
3324 
3437 
3438 
3445 
3446 
3449 
3450 
3501 
3502 
3509 
3510 
3513 
3514 
3533 
3534 
3541 
3542 
3545 
3546 
3555 
3693 
3694 
3701 
3702 
3705 
3706 
3757 
3758 
3765 
3766 
3769 
3770 
3789 
3790 
3797 
3798 
3801 
3802 
3811 
3869 
3870 
3879 
3883 
3891 
3911 
3915 
3923 
3975 
3979 
3987 
6381 
6382 
6389 
6390 
6393 
6394 
6461 
6462 
6493 
6494 
6503 
6507 
6515 
6557 
6558 
6567 
6571 
6579 
6599 
6603 
6611 
6717 
6718 
6749 
6750 
6759 
6763 
6771 
6813 
6814 
6823 
6827 
6835 
6855 
6859 
6867 
6927 
6935 
6939 
7229 
7230 
7261 
7262 
7271 
7275 
7283 
7325 
7326 
7335 
7339 
7347 
7367 
7371 
7379 
7439 
7447 
7451 
7695 
7703 
7707 
8700 
8956 
9069 
9070 
9077 
9078 
9081 
9082 
9133 
9134 
9141 
9142 
9145 
9146 
9165 
9166 
9173 
9174 
9177 
9178 
9187 
9468 
9581 
9582 
9589 
9590 
9593 
9594 
9645 
9646 
9653 
9654 
9657 
9658 
9677 
9678 
9685 
9686 
9689 
9690 
9699 
9837 
9838 
9845 
9846 
9849 
9850 
9901 
9902 
9909 
9910 
9913 
9914 
9933 
9934 
9941 
9942 
9945 
9946 
9955 
10013 
10014 
10023 
10027 
10035 
10055 
10059 
10067 
10119 
10123 
10131 
12525 
12526 
12533 
12534 
12537 
12538 
12605 
12606 
12637 
12638 
12647 
12651 
12659 
12701 
12702 
12711 
12715 
12723 
12743 
12747 
12755 
12861 
12862 
12893 
12894 
12903 
12907 
12915 
12957 
12958 
12967 
12971 
12979 
12999 
13003 
13011 
13071 
13079 
13083 
13373 
13374 
13405 
13406 
13415 
13419 
13427 
13469 
13470 
13479 
13483 
13491 
13511 
13515 
13523 
13583 
13591 
13595 
13839 
13847 
13851 
10477 
10478 
10485 
10486 
10489 
10490 
10557 
10558 
10589 
10590 
10599 
10603 
10611 
10653 
10654 
10663 
10667 
10675 
10695 
10699 
10707 
10813 
10814 
10845 
10846 
10855 
10859 
10867 
10909 
10910 
10919 
10923 
10931 
10951 
10955 
10963 
11023 
11031 
11035 
11325 
11326 
11357 
11358 
11367 
11371 
11379 
11421 
11422 
11431 
11435 
11443 
11463 
11467 
11475 
11535 
11543 
11547 
11791 
11799 
11803 
14383 
14391 
14395 
14415 
14423 
14427 
14479 
14487 
14491 
16877 
16878 
16885 
16886 
16889 
16890 
17133 
17134 
17141 
17142 
17145 
17146 
17213 
17214 
17245 
17246 
17255 
17259 
17267 
17309 
17310 
17319 
17323 
17331 
17351 
17355 
17363 
17645 
17646 
17653 
17654 
17657 
17658 
17725 
17726 
17757 
17758 
17767 
17771 
17779 
17821 
17822 
17831 
17835 
17843 
17863 
17867 
17875 
17981 
17982 
18013 
18014 
18023 
18027 
18035 
18077 
18078 
18087 
18091 
18099 
18119 
18123 
18131 
18191 
18199 
18203 
18557 
18558 
18621 
18622 
18653 
18654 
18663 
18667 
18675 
18735 
18743 
18747 
18767 
18775 
18779 
18831 
18839 
18843 
18991 
18999 
19003 
19023 
19031 
19035 
19087 
19095 
19099 
19503 
19511 
19515 
19535 
19543 
19547 
19599 
19607 
19611 
24701 
24702 
24765 
24766 
24797 
24798 
24807 
24811 
24819 
24879 
24887 
24891 
24911 
24919 
24923 
24975 
24983 
24987 
25135 
25143 
25147 
25167 
25175 
25179 
25231 
25239 
25243 
25647 
25655 
25659 
25679 
25687 
25691 
25743 
25751 
25755 
22559 
26655 
28703 
20605 
20606 
20669 
20670 
20701 
20702 
20711 
20715 
20723 
20783 
20791 
20795 
20815 
20823 
20827 
20879 
20887 
20891 
21039 
21047 
21051 
21071 
21079 
21083 
21135 
21143 
21147 
21551 
21559 
21563 
21583 
21591 
21595 
21647 
21655 
21659 
34941 
34942 
35005 
35006 
35037 
35038 
35047 
35051 
35059 
35119 
35127 
35131 
35151 
35159 
35163 
35215 
35223 
35227 
35375 
35383 
35387 
35407 
35415 
35419 
35471 
35479 
35483 
35887 
35895 
35899 
35919 
35927 
35931 
35983 
35991 
35995 
36989 
36990 
37053 
37054 
37085 
37086 
37095 
37099 
37107 
37167 
37175 
37179 
37199 
37207 
37211 
37263 
37271 
37275 
37423 
37431 
37435 
37455 
37463 
37467 
37519 
37527 
37531 
37935 
37943 
37947 
37967 
37975 
37979 
38031 
38039 
38043 
33261 
33262 
33269 
33270 
33273 
33274 
33517 
33518 
33525 
33526 
33529 
33530 
33597 
33598 
33629 
33630 
33639 
33643 
33651 
33693 
33694 
33703 
33707 
33715 
33735 
33739 
33747 
34029 
34030 
34037 
34038 
34041 
34042 
34109 
34110 
34141 
34142 
34151 
34155 
34163 
34205 
34206 
34215 
34219 
34227 
34247 
34251 
34259 
34365 
34366 
34397 
34398 
34407 
34411 
34419 
34461 
34462 
34471 
34475 
34483 
34503 
34507 
34515 
34575 
34583 
34587 
38943 
41085 
41086 
41149 
41150 
41181 
41182 
41191 
41195 
41203 
41263 
41271 
41275 
41295 
41303 
41307 
41359 
41367 
41371 
41519 
41527 
41531 
41551 
41559 
41563 
41615 
41623 
41627 
42031 
42039 
42043 
42063 
42071 
42075 
42127 
42135 
42139 
43039 
45087 
49263 
49271 
49275 
49327 
49335 
49339 
49359 
49367 
49371 
49439 
49695 
50207 
