1020 
1532 
1788 
1901 
1902 
1909 
1910 
1913 
1914 
1965 
1966 
1973 
1974 
1977 
1978 
1997 
1998 
2005 
2006 
2009 
2010 
2019 
4589 
4590 
4597 
4598 
4601 
4602 
4845 
4846 
4853 
4854 
4857 
4858 
4925 
4926 
4957 
4958 
4967 
4971 
4979 
5021 
5022 
5031 
5035 
5043 
5063 
5067 
5075 
5357 
5358 
5365 
5366 
5369 
5370 
5437 
5438 
5469 
5470 
5479 
5483 
5491 
5533 
5534 
5543 
5547 
5555 
5575 
5579 
5587 
5693 
5694 
5725 
5726 
5735 
5739 
5747 
5789 
5790 
5799 
5803 
5811 
5831 
5835 
5843 
5903 
5911 
5915 
2541 
2542 
2549 
2550 
2553 
2554 
2797 
2798 
2805 
2806 
2809 
2810 
2877 
2878 
2909 
2910 
2919 
2923 
2931 
2973 
2974 
2983 
2987 
2995 
3015 
3019 
3027 
3309 
3310 
3317 
3318 
3321 
3322 
3389 
3390 
3421 
3422 
3431 
3435 
3443 
3485 
3486 
3495 
3499 
3507 
3527 
3531 
3539 
3645 
3646 
3677 
3678 
3687 
3691 
3699 
3741 
3742 
3751 
3755 
3763 
3783 
3787 
3795 
3855 
3863 
3867 
6269 
6270 
6333 
6334 
6365 
6366 
6375 
6379 
6387 
6447 
6455 
6459 
6479 
6487 
6491 
6543 
6551 
6555 
6703 
6711 
6715 
6735 
6743 
6747 
6799 
6807 
6811 
7215 
7223 
7227 
7247 
7255 
7259 
7311 
7319 
7323 
8685 
8686 
8693 
8694 
8697 
8698 
8941 
8942 
8949 
8950 
8953 
8954 
9021 
9022 
9053 
9054 
9063 
9067 
9075 
9117 
9118 
9127 
9131 
9139 
9159 
9163 
9171 
9453 
9454 
9461 
9462 
9465 
9466 
9533 
9534 
9565 
9566 
9575 
9579 
9587 
9629 
9630 
9639 
9643 
9651 
9671 
9675 
9683 
9789 
9790 
9821 
9822 
9831 
9835 
9843 
9885 
9886 
9895 
9899 
9907 
9927 
9931 
9939 
9999 
10007 
10011 
12413 
12414 
12477 
12478 
12509 
12510 
12519 
12523 
12531 
12591 
12599 
12603 
12623 
12631 
12635 
12687 
12695 
12699 
12847 
12855 
12859 
12879 
12887 
12891 
12943 
12951 
12955 
13359 
13367 
13371 
13391 
13399 
13403 
13455 
13463 
13467 
10365 
10366 
10429 
10430 
10461 
10462 
10471 
10475 
10483 
10543 
10551 
10555 
10575 
10583 
10587 
10639 
10647 
10651 
10799 
10807 
10811 
10831 
10839 
10843 
10895 
10903 
10907 
11311 
11319 
11323 
11343 
11351 
11355 
11407 
11415 
11419 
14367 
16765 
16766 
16829 
16830 
16861 
16862 
16871 
16875 
16883 
17021 
17022 
17085 
17086 
17117 
17118 
17127 
17131 
17139 
17199 
17207 
17211 
17231 
17239 
17243 
17295 
17303 
17307 
17533 
17534 
17597 
17598 
17629 
17630 
17639 
17643 
17651 
17711 
17719 
17723 
17743 
17751 
17755 
17807 
17815 
17819 
17967 
17975 
17979 
17999 
18007 
18011 
18063 
18071 
18075 
18543 
18551 
18555 
18607 
18615 
18619 
18639 
18647 
18651 
18719 
18975 
19487 
24687 
24695 
24699 
24751 
24759 
24763 
24783 
24791 
24795 
24863 
25119 
25631 
20591 
20599 
20603 
20655 
20663 
20667 
20687 
20695 
20699 
20767 
21023 
21535 
34927 
34935 
34939 
34991 
34999 
35003 
35023 
35031 
35035 
35103 
35359 
35871 
36975 
36983 
36987 
37039 
37047 
37051 
37071 
37079 
37083 
37151 
37407 
37919 
33149 
33150 
33213 
33214 
33245 
33246 
33255 
33259 
33267 
33405 
33406 
33469 
33470 
33501 
33502 
33511 
33515 
33523 
33583 
33591 
33595 
33615 
33623 
33627 
33679 
33687 
33691 
33917 
33918 
33981 
33982 
34013 
34014 
34023 
34027 
34035 
34095 
34103 
34107 
34127 
34135 
34139 
34191 
34199 
34203 
34351 
34359 
34363 
34383 
34391 
34395 
34447 
34455 
34459 
41071 
41079 
41083 
41135 
41143 
41147 
41167 
41175 
41179 
41247 
41503 
42015 
49215 
49247 
49311 
