1005 
1006 
1013 
1014 
1017 
1018 
1517 
1518 
1525 
1526 
1529 
1530 
1773 
1774 
1781 
1782 
1785 
1786 
1853 
1854 
1885 
1886 
1895 
1899 
1907 
1949 
1950 
1959 
1963 
1971 
1991 
1995 
2003 
4477 
4478 
4541 
4542 
4573 
4574 
4583 
4587 
4595 
4733 
4734 
4797 
4798 
4829 
4830 
4839 
4843 
4851 
4911 
4919 
4923 
4943 
4951 
4955 
5007 
5015 
5019 
5245 
5246 
5309 
5310 
5341 
5342 
5351 
5355 
5363 
5423 
5431 
5435 
5455 
5463 
5467 
5519 
5527 
5531 
5679 
5687 
5691 
5711 
5719 
5723 
5775 
5783 
5787 
2429 
2430 
2493 
2494 
2525 
2526 
2535 
2539 
2547 
2685 
2686 
2749 
2750 
2781 
2782 
2791 
2795 
2803 
2863 
2871 
2875 
2895 
2903 
2907 
2959 
2967 
2971 
3197 
3198 
3261 
3262 
3293 
3294 
3303 
3307 
3315 
3375 
3383 
3387 
3407 
3415 
3419 
3471 
3479 
3483 
3631 
3639 
3643 
3663 
3671 
3675 
3727 
3735 
3739 
6255 
6263 
6267 
6319 
6327 
6331 
6351 
6359 
6363 
6431 
6687 
7199 
8573 
8574 
8637 
8638 
8669 
8670 
8679 
8683 
8691 
8829 
8830 
8893 
8894 
8925 
8926 
8935 
8939 
8947 
9007 
9015 
9019 
9039 
9047 
9051 
9103 
9111 
9115 
9341 
9342 
9405 
9406 
9437 
9438 
9447 
9451 
9459 
9519 
9527 
9531 
9551 
9559 
9563 
9615 
9623 
9627 
9775 
9783 
9787 
9807 
9815 
9819 
9871 
9879 
9883 
12399 
12407 
12411 
12463 
12471 
12475 
12495 
12503 
12507 
12575 
12831 
13343 
10351 
10359 
10363 
10415 
10423 
10427 
10447 
10455 
10459 
10527 
10783 
11295 
16637 
16638 
16751 
16759 
16763 
16815 
16823 
16827 
16847 
16855 
16859 
17007 
17015 
17019 
17071 
17079 
17083 
17103 
17111 
17115 
17183 
17519 
17527 
17531 
17583 
17591 
17595 
17615 
17623 
17627 
17695 
17951 
18495 
18527 
18591 
24639 
24671 
24735 
20543 
20575 
20639 
34879 
34911 
34975 
36927 
36959 
37023 
33021 
33022 
33135 
33143 
33147 
33199 
33207 
33211 
33231 
33239 
33243 
33391 
33399 
33403 
33455 
33463 
33467 
33487 
33495 
33499 
33567 
33903 
33911 
33915 
33967 
33975 
33979 
33999 
34007 
34011 
34079 
34335 
41023 
41055 
41119 
