893 
894 
957 
958 
989 
990 
999 
1003 
1011 
1405 
1406 
1469 
1470 
1501 
1502 
1511 
1515 
1523 
1661 
1662 
1725 
1726 
1757 
1758 
1767 
1771 
1779 
1839 
1847 
1851 
1871 
1879 
1883 
1935 
1943 
1947 
4349 
4350 
4463 
4471 
4475 
4527 
4535 
4539 
4559 
4567 
4571 
4719 
4727 
4731 
4783 
4791 
4795 
4815 
4823 
4827 
4895 
5231 
5239 
5243 
5295 
5303 
5307 
5327 
5335 
5339 
5407 
5663 
2301 
2302 
2415 
2423 
2427 
2479 
2487 
2491 
2511 
2519 
2523 
2671 
2679 
2683 
2735 
2743 
2747 
2767 
2775 
2779 
2847 
3183 
3191 
3195 
3247 
3255 
3259 
3279 
3287 
3291 
3359 
3615 
6207 
6239 
6303 
8445 
8446 
8559 
8567 
8571 
8623 
8631 
8635 
8655 
8663 
8667 
8815 
8823 
8827 
8879 
8887 
8891 
8911 
8919 
8923 
8991 
9327 
9335 
9339 
9391 
9399 
9403 
9423 
9431 
9435 
9503 
9759 
12351 
12383 
12447 
10303 
10335 
10399 
16623 
16631 
16635 
16703 
16735 
16799 
16959 
16991 
17055 
17471 
17503 
17567 
33007 
33015 
33019 
33087 
33119 
33183 
33343 
33375 
33439 
33855 
33887 
33951 
