-0.000000000000000000e+00 -1.284453393398878916e+03
-0.000000000000000000e+00 -1.268774845082535876e+03
-0.000000000000000000e+00 -1.074332208967666247e+03
-0.000000000000000000e+00 -1.070523556950089187e+03
-0.000000000000000000e+00 -1.065879169640046030e+03
-0.000000000000000000e+00 -1.055870959242644631e+03
-0.000000000000000000e+00 -1.050281685298882621e+03
-0.000000000000000000e+00 -1.047054139544344935e+03
-0.000000000000000000e+00 -1.027855122841240018e+03
-0.000000000000000000e+00 -1.010207179152010781e+03
-0.000000000000000000e+00 -8.596677289742966650e+02
-0.000000000000000000e+00 -8.556835219295850266e+02
-0.000000000000000000e+00 -8.547728837403582247e+02
-0.000000000000000000e+00 -8.547728837403576563e+02
-0.000000000000000000e+00 -8.539714465914032644e+02
-0.000000000000000000e+00 -8.496137338963308139e+02
-0.000000000000000000e+00 -8.491553218493680788e+02
-0.000000000000000000e+00 -8.490288099827324686e+02
-0.000000000000000000e+00 -8.490288099827315591e+02
-0.000000000000000000e+00 -8.428209421214342001e+02
-0.000000000000000000e+00 -8.423553409938051573e+02
-0.000000000000000000e+00 -8.415102182604198333e+02
-0.000000000000000000e+00 -8.403825216936708102e+02
-0.000000000000000000e+00 -8.373208988606692174e+02
-0.000000000000000000e+00 -8.360484742535899159e+02
-0.000000000000000000e+00 -8.346672482032900007e+02
-0.000000000000000000e+00 -8.335148302204739821e+02
-0.000000000000000000e+00 -8.296917445813390941e+02
-0.000000000000000000e+00 -8.265121114043108719e+02
-0.000000000000000000e+00 -8.265121114043100761e+02
-0.000000000000000000e+00 -8.257764803913030391e+02
-0.000000000000000000e+00 -8.255249784250923994e+02
-0.000000000000000000e+00 -8.244184441855479690e+02
-0.000000000000000000e+00 -8.189445838433649669e+02
-0.000000000000000000e+00 -8.137144667407895895e+02
-0.000000000000000000e+00 -8.091159779224509521e+02
-0.000000000000000000e+00 -8.087973709002949363e+02
-0.000000000000000000e+00 -8.078027575642049669e+02
-0.000000000000000000e+00 -8.078027575642043985e+02
1.100000000000000000e+01 0.000000000000000000e+00
7.000000000000000000e+00 -8.387816970765675251e+02
7.000000000000000000e+00 -6.420117592839135341e+02
7.000000000000000000e+00 -6.386021511205811976e+02
7.000000000000000000e+00 -6.296809502048582772e+02
7.000000000000000000e+00 -6.265848940307329258e+02
7.000000000000000000e+00 -6.073940033609878810e+02
7.000000000000000000e+00 -5.964361653483163082e+02
7.000000000000000000e+00 -4.324212990475884908e+02
7.000000000000000000e+00 -4.314183247303958524e+02
7.000000000000000000e+00 -4.271986433792310436e+02
7.000000000000000000e+00 -4.161152040078653158e+02
7.000000000000000000e+00 -4.155358520343236250e+02
7.000000000000000000e+00 -4.095630932316699386e+02
7.000000000000000000e+00 -4.089444760954065146e+02
7.000000000000000000e+00 -4.047492425955331896e+02
7.000000000000000000e+00 -4.047248122954158589e+02
7.000000000000000000e+00 -3.996873003998134095e+02
7.000000000000000000e+00 -3.995218673313743807e+02
7.000000000000000000e+00 -3.971825558105768437e+02
7.000000000000000000e+00 -3.948872481379314650e+02
7.000000000000000000e+00 -3.893097251870179321e+02
7.000000000000000000e+00 -3.868698942279842186e+02
7.000000000000000000e+00 -3.814207624358400608e+02
7.000000000000000000e+00 -3.696501223926101147e+02
7.000000000000000000e+00 -3.670593016060912532e+02
7.000000000000000000e+00 -3.632919595306738074e+02
7.000000000000000000e+00 -3.507511595709869425e+02
7.000000000000000000e+00 -2.143309255640928370e+02
7.000000000000000000e+00 -2.127686391990108348e+02
7.000000000000000000e+00 -2.098548419522633992e+02
7.000000000000000000e+00 -2.061290981785894587e+02
7.000000000000000000e+00 -2.058014171541784947e+02
7.000000000000000000e+00 -2.016465017702811338e+02
7.000000000000000000e+00 -1.986440609921006342e+02
7.000000000000000000e+00 -1.981803980052044096e+02
7.000000000000000000e+00 -1.977526161596328222e+02
7.000000000000000000e+00 -1.958961470689494604e+02
7.000000000000000000e+00 -1.947195088686647182e+02
7.000000000000000000e+00 -1.941847853205428862e+02
7.000000000000000000e+00 -1.911582528236019982e+02
2.000000000000000000e+00 -1.278786663487766646e+03
2.000000000000000000e+00 -1.078449712651681693e+03
2.000000000000000000e+00 -1.066532118842533919e+03
2.000000000000000000e+00 -1.058136403401008010e+03
2.000000000000000000e+00 -1.049860695024740380e+03
2.000000000000000000e+00 -1.047304076183051620e+03
2.000000000000000000e+00 -1.036358018236500129e+03
2.000000000000000000e+00 -8.669818489660826799e+02
2.000000000000000000e+00 -8.558613609604610701e+02
2.000000000000000000e+00 -8.553339099163207493e+02
2.000000000000000000e+00 -8.549365421585258673e+02
2.000000000000000000e+00 -8.496649123040283484e+02
2.000000000000000000e+00 -8.495478737977097126e+02
2.000000000000000000e+00 -8.492509436668439093e+02
2.000000000000000000e+00 -8.458789806777679132e+02
2.000000000000000000e+00 -8.447711788745378954e+02
2.000000000000000000e+00 -8.408962983975833367e+02
2.000000000000000000e+00 -8.397801092734561053e+02
2.000000000000000000e+00 -8.394763863227693719e+02
2.000000000000000000e+00 -8.371017128302867150e+02
2.000000000000000000e+00 -8.366095178683116274e+02
2.000000000000000000e+00 -8.358499818272399580e+02
2.000000000000000000e+00 -8.348475728419834923e+02
2.000000000000000000e+00 -8.270010579100338646e+02
2.000000000000000000e+00 -8.269805756714804374e+02
2.000000000000000000e+00 -8.265834681355573821e+02
2.000000000000000000e+00 -8.212267173176959432e+02
2.000000000000000000e+00 -8.181723508027969274e+02
2.000000000000000000e+00 -8.156106017392691001e+02
2.000000000000000000e+00 -8.077210625984851049e+02
2.000000000000000000e+00 -8.073794306002536132e+02
2.000000000000000000e+00 -8.069915985365995539e+02
2.000000000000000000e+00 -8.033012510401707686e+02
2.000000000000000000e+00 -7.908449333312129284e+02
2.000000000000000000e+00 -7.875953395491804940e+02
2.000000000000000000e+00 -6.525711912878244902e+02
2.000000000000000000e+00 -6.495277887520277318e+02
2.000000000000000000e+00 -6.458251620694949224e+02
2.000000000000000000e+00 -6.432290907796234478e+02
3.000000000000000000e+00 -1.071647088552546393e+03
3.000000000000000000e+00 -1.058154854576283014e+03
3.000000000000000000e+00 -1.055463186853851767e+03
3.000000000000000000e+00 -1.049911318565630609e+03
3.000000000000000000e+00 -8.624741434757227125e+02
3.000000000000000000e+00 -8.556835219295888919e+02
3.000000000000000000e+00 -8.550492516681688357e+02
3.000000000000000000e+00 -8.507853355880338313e+02
3.000000000000000000e+00 -8.492326365131553985e+02
3.000000000000000000e+00 -8.491772762016513525e+02
3.000000000000000000e+00 -8.464993507130336639e+02
3.000000000000000000e+00 -8.458622798578809352e+02
3.000000000000000000e+00 -8.413549291759570679e+02
3.000000000000000000e+00 -8.382768051074197047e+02
3.000000000000000000e+00 -8.372726689606241735e+02
3.000000000000000000e+00 -8.270273883452948667e+02
3.000000000000000000e+00 -8.181869857699696240e+02
3.000000000000000000e+00 -8.164655006499920091e+02
3.000000000000000000e+00 -8.153260340657006964e+02
3.000000000000000000e+00 -8.080543939186885609e+02
3.000000000000000000e+00 -8.073488305747564482e+02
3.000000000000000000e+00 -8.073225310020835650e+02
3.000000000000000000e+00 -7.870146427426560649e+02
3.000000000000000000e+00 -6.561357174226322968e+02
3.000000000000000000e+00 -6.515980336758570957e+02
3.000000000000000000e+00 -6.491205442621718475e+02
3.000000000000000000e+00 -6.434796501801041586e+02
3.000000000000000000e+00 -6.384889558538395704e+02
3.000000000000000000e+00 -6.383144055231850871e+02
3.000000000000000000e+00 -6.334989096024620494e+02
3.000000000000000000e+00 -6.332521414636324835e+02
3.000000000000000000e+00 -6.327723309947236885e+02
3.000000000000000000e+00 -6.297538862219317934e+02
3.000000000000000000e+00 -6.288470484234014748e+02
3.000000000000000000e+00 -6.278037998831456434e+02
3.000000000000000000e+00 -6.273394715606759746e+02
3.000000000000000000e+00 -6.269038296298735986e+02
9.000000000000000000e+00 -4.095227238757815371e+02
9.000000000000000000e+00 -3.878143198056584424e+02
9.000000000000000000e+00 -2.123685629594412489e+02
9.000000000000000000e+00 -1.992073537313743259e+02
9.000000000000000000e+00 -1.824910924734744242e+02
9.000000000000000000e+00 -1.665188591897658341e+02
9.000000000000000000e+00 1.068803398273744776e+01
9.000000000000000000e+00 2.052478367655140445e+01
9.000000000000000000e+00 2.474387168094431644e+01
9.000000000000000000e+00 4.449055940231140482e+01
9.000000000000000000e+00 5.914263737023057388e+01
9.000000000000000000e+00 8.013890937197166409e+01
9.000000000000000000e+00 2.347399087722888567e+02
9.000000000000000000e+00 2.523530170999626705e+02
9.000000000000000000e+00 2.699703581695658272e+02
9.000000000000000000e+00 2.829580237299272767e+02
9.000000000000000000e+00 4.896727258687765811e+02
9.000000000000000000e+00 5.104840285102267217e+02
5.000000000000000000e+00 -8.606225888834154603e+02
5.000000000000000000e+00 -8.545747165375719305e+02
5.000000000000000000e+00 -8.497738957979825045e+02
5.000000000000000000e+00 -8.444421535735583575e+02
5.000000000000000000e+00 -8.287012604317610567e+02
5.000000000000000000e+00 -8.269131394573453235e+02
5.000000000000000000e+00 -8.073748020143559643e+02
5.000000000000000000e+00 -6.498658532768959049e+02
5.000000000000000000e+00 -6.491149796760486197e+02
5.000000000000000000e+00 -6.426794838052824161e+02
5.000000000000000000e+00 -6.364726538686209096e+02
5.000000000000000000e+00 -6.344195680035700207e+02
5.000000000000000000e+00 -6.310325239131916533e+02
5.000000000000000000e+00 -6.306389818773189972e+02
5.000000000000000000e+00 -6.267915618418323902e+02
5.000000000000000000e+00 -6.263394130314283075e+02
5.000000000000000000e+00 -6.257476587012533855e+02
5.000000000000000000e+00 -6.256449222617027317e+02
5.000000000000000000e+00 -6.220389542870638024e+02
5.000000000000000000e+00 -6.188691248799448203e+02
5.000000000000000000e+00 -6.184039530817967716e+02
5.000000000000000000e+00 -6.160051430953780027e+02
5.000000000000000000e+00 -6.147284531145927531e+02
5.000000000000000000e+00 -6.100219725022659532e+02
5.000000000000000000e+00 -6.066524224774982486e+02
5.000000000000000000e+00 -6.050439285965261433e+02
5.000000000000000000e+00 -5.982659882333593941e+02
5.000000000000000000e+00 -5.956107068615756361e+02
5.000000000000000000e+00 -5.878785670701330446e+02
5.000000000000000000e+00 -5.877733689644360311e+02
5.000000000000000000e+00 -5.799587766599328233e+02
5.000000000000000000e+00 -5.756175174670452179e+02
5.000000000000000000e+00 -5.700115690470685195e+02
5.000000000000000000e+00 -4.291054808002746768e+02
5.000000000000000000e+00 -4.257724971054479397e+02
5.000000000000000000e+00 -4.246148511673407029e+02
5.000000000000000000e+00 -4.225820056311891335e+02
5.000000000000000000e+00 -4.217050378083070541e+02
5.000000000000000000e+00 -4.213160381425411174e+02
5.000000000000000000e+00 -4.197731016008628444e+02
1.000000000000000000e+01 -4.209838832039831118e+02
1.000000000000000000e+01 -2.095482174474828696e+02
1.000000000000000000e+01 -1.793322735588375849e+02
1.000000000000000000e+01 1.787911605269001214e+01
1.000000000000000000e+01 2.327443537362134762e+01
1.000000000000000000e+01 6.714328506025391619e+01
1.000000000000000000e+01 2.371532930783568531e+02
1.000000000000000000e+01 2.723077584226504086e+02
1.000000000000000000e+01 4.757010942227309442e+02
6.000000000000000000e+00 -8.545700367342188883e+02
6.000000000000000000e+00 -8.388439087498425124e+02
6.000000000000000000e+00 -8.269212779807243123e+02
6.000000000000000000e+00 -6.435871007895376579e+02
6.000000000000000000e+00 -6.385673481780075917e+02
6.000000000000000000e+00 -6.357793368196328174e+02
6.000000000000000000e+00 -6.336827618047454962e+02
6.000000000000000000e+00 -6.276995632937971550e+02
6.000000000000000000e+00 -6.265421586270372245e+02
6.000000000000000000e+00 -6.229233861137441863e+02
6.000000000000000000e+00 -6.168326468716961699e+02
6.000000000000000000e+00 -6.073631428720121903e+02
6.000000000000000000e+00 -6.057773111281948104e+02
6.000000000000000000e+00 -5.964869045590496626e+02
6.000000000000000000e+00 -5.886858219271529151e+02
6.000000000000000000e+00 -5.885982082344550008e+02
6.000000000000000000e+00 -5.831733209934448041e+02
6.000000000000000000e+00 -4.394398726696281869e+02
6.000000000000000000e+00 -4.317551095117547106e+02
6.000000000000000000e+00 -4.267548133465239175e+02
6.000000000000000000e+00 -4.248033474656537010e+02
6.000000000000000000e+00 -4.233482265913677907e+02
6.000000000000000000e+00 -4.192328353473911307e+02
6.000000000000000000e+00 -4.169036142099204767e+02
6.000000000000000000e+00 -4.152229910248569809e+02
6.000000000000000000e+00 -4.145067741830294494e+02
6.000000000000000000e+00 -4.136138184389691332e+02
6.000000000000000000e+00 -4.121291173770521254e+02
6.000000000000000000e+00 -4.094308129187390364e+02
6.000000000000000000e+00 -4.081700884739782396e+02
6.000000000000000000e+00 -4.080258479365817266e+02
6.000000000000000000e+00 -4.069139628235906230e+02
6.000000000000000000e+00 -4.048764677088067288e+02
6.000000000000000000e+00 -4.028078503952526148e+02
6.000000000000000000e+00 -3.994741674322754648e+02
6.000000000000000000e+00 -3.992224714199375626e+02
6.000000000000000000e+00 -3.954241481701907333e+02
6.000000000000000000e+00 -3.944210549403313735e+02
6.000000000000000000e+00 -3.941732259098465079e+02
6.000000000000000000e+00 -3.931699199340425821e+02
8.000000000000000000e+00 -6.317969921220883407e+02
8.000000000000000000e+00 -6.155946219299062250e+02
8.000000000000000000e+00 -4.323300914609545771e+02
8.000000000000000000e+00 -4.225935948846033057e+02
8.000000000000000000e+00 -4.158490795912345561e+02
8.000000000000000000e+00 -4.109766513825737775e+02
8.000000000000000000e+00 -4.066090309839370889e+02
8.000000000000000000e+00 -3.984004262048831038e+02
8.000000000000000000e+00 -3.899187070769867773e+02
8.000000000000000000e+00 -3.765460448588656845e+02
8.000000000000000000e+00 -3.673442933677640667e+02
8.000000000000000000e+00 -2.164708190454333874e+02
8.000000000000000000e+00 -2.117885493926358151e+02
8.000000000000000000e+00 -2.084237675940914869e+02
8.000000000000000000e+00 -1.986607109249034409e+02
8.000000000000000000e+00 -1.971405117360429813e+02
8.000000000000000000e+00 -1.926480967817374221e+02
8.000000000000000000e+00 -1.853445148935754503e+02
8.000000000000000000e+00 -1.845003667529719849e+02
8.000000000000000000e+00 -1.743790697081151961e+02
8.000000000000000000e+00 -1.722934517695995282e+02
8.000000000000000000e+00 -1.673228652497856785e+02
8.000000000000000000e+00 -1.657392723951974176e+02
8.000000000000000000e+00 -1.467021776042800525e+02
8.000000000000000000e+00 -1.433142619051874647e+02
8.000000000000000000e+00 -1.399007095691477787e+02
8.000000000000000000e+00 -1.130733653756312265e+02
8.000000000000000000e+00 5.648582505347799376e+00
8.000000000000000000e+00 1.164811533785439401e+01
8.000000000000000000e+00 1.317506831733843242e+01
8.000000000000000000e+00 1.438141674928100322e+01
8.000000000000000000e+00 1.512657253352325704e+01
8.000000000000000000e+00 2.195964544155783216e+01
8.000000000000000000e+00 2.452101646628666742e+01
8.000000000000000000e+00 2.784105640585746855e+01
8.000000000000000000e+00 3.484297329910528873e+01
8.000000000000000000e+00 3.678305982899399851e+01
8.000000000000000000e+00 5.289521711403420312e+01
8.000000000000000000e+00 5.784919228704165306e+01
1.000000000000000000e+00 -1.278848755774405845e+03
1.000000000000000000e+00 -1.078415567367053882e+03
1.000000000000000000e+00 -1.073636270526162434e+03
1.000000000000000000e+00 -1.066489429394269564e+03
1.000000000000000000e+00 -1.060186136460533362e+03
1.000000000000000000e+00 -1.047904044824458879e+03
1.000000000000000000e+00 -1.047274375987125040e+03
1.000000000000000000e+00 -1.036409433444187471e+03
1.000000000000000000e+00 -1.028666801654715982e+03
1.000000000000000000e+00 -8.665396022940990406e+02
1.000000000000000000e+00 -8.599817973722028910e+02
1.000000000000000000e+00 -8.567628550558176812e+02
1.000000000000000000e+00 -8.547046762058461127e+02
1.000000000000000000e+00 -8.543890834901166045e+02
1.000000000000000000e+00 -8.519819866727949602e+02
1.000000000000000000e+00 -8.502400087305660463e+02
1.000000000000000000e+00 -8.493610818784451340e+02
1.000000000000000000e+00 -8.485989905509172786e+02
1.000000000000000000e+00 -8.480034377491764417e+02
1.000000000000000000e+00 -8.449346460445390221e+02
1.000000000000000000e+00 -8.426981777142098053e+02
1.000000000000000000e+00 -8.410784574847784825e+02
1.000000000000000000e+00 -8.396758273227582094e+02
1.000000000000000000e+00 -8.391647486165204555e+02
1.000000000000000000e+00 -8.359134044475666769e+02
1.000000000000000000e+00 -8.354272904551428383e+02
1.000000000000000000e+00 -8.343970563477704445e+02
1.000000000000000000e+00 -8.322676815087263549e+02
1.000000000000000000e+00 -8.280278942248138492e+02
1.000000000000000000e+00 -8.267496526637753504e+02
1.000000000000000000e+00 -8.264494031055609184e+02
1.000000000000000000e+00 -8.253043233440171207e+02
1.000000000000000000e+00 -8.232953700946462732e+02
1.000000000000000000e+00 -8.203465618138160380e+02
1.000000000000000000e+00 -8.147178359804566981e+02
1.000000000000000000e+00 -8.143802357529106075e+02
1.000000000000000000e+00 -8.069707122216208290e+02
1.000000000000000000e+00 -8.066948215163795339e+02
1.000000000000000000e+00 -7.986014438357624385e+02
1.000000000000000000e+00 -7.908087846074937488e+02
4.000000000000000000e+00 -1.060330114669756085e+03
4.000000000000000000e+00 -1.048011727551610193e+03
4.000000000000000000e+00 -8.597340138098602438e+02
4.000000000000000000e+00 -8.501502522174804426e+02
4.000000000000000000e+00 -8.493279602319665855e+02
4.000000000000000000e+00 -8.487433435400075723e+02
4.000000000000000000e+00 -8.406548400303811377e+02
4.000000000000000000e+00 -8.323265848935877784e+02
4.000000000000000000e+00 -8.280044849320634057e+02
4.000000000000000000e+00 -8.275563937177928437e+02
4.000000000000000000e+00 -8.252651665459708283e+02
4.000000000000000000e+00 -8.151296804038294113e+02
4.000000000000000000e+00 -8.068034811446658523e+02
4.000000000000000000e+00 -7.896130503111041889e+02
4.000000000000000000e+00 -6.521803368056248473e+02
4.000000000000000000e+00 -6.488706397735926430e+02
4.000000000000000000e+00 -6.389970207572708887e+02
4.000000000000000000e+00 -6.366849651763019438e+02
4.000000000000000000e+00 -6.352864457529683477e+02
4.000000000000000000e+00 -6.350770059498842102e+02
4.000000000000000000e+00 -6.295750006646741213e+02
4.000000000000000000e+00 -6.281101984972333412e+02
4.000000000000000000e+00 -6.267044557775312796e+02
4.000000000000000000e+00 -6.266286707258741444e+02
4.000000000000000000e+00 -6.242826684950578056e+02
4.000000000000000000e+00 -6.222965014294807133e+02
4.000000000000000000e+00 -6.214188392077746812e+02
4.000000000000000000e+00 -6.197146151170355779e+02
4.000000000000000000e+00 -6.188624955982097617e+02
4.000000000000000000e+00 -6.169121178710811364e+02
4.000000000000000000e+00 -6.143933538116862110e+02
4.000000000000000000e+00 -6.129751531708910761e+02
4.000000000000000000e+00 -6.102932929617804803e+02
