-0.000000000000000000e+00 -1.086462634375303651e+03
-0.000000000000000000e+00 -9.705413802670987025e+02
-0.000000000000000000e+00 -8.921329696185932789e+02
-0.000000000000000000e+00 -8.603953720265539005e+02
-0.000000000000000000e+00 -8.426180985549125353e+02
-0.000000000000000000e+00 -8.187131970961740990e+02
-0.000000000000000000e+00 -7.911150972346474646e+02
-0.000000000000000000e+00 -7.729367377489101045e+02
-0.000000000000000000e+00 -7.027838487521338493e+02
-0.000000000000000000e+00 -6.985237618098169605e+02
-0.000000000000000000e+00 -6.985237618098151415e+02
-0.000000000000000000e+00 -6.889099722158309760e+02
-0.000000000000000000e+00 -6.777046116148359260e+02
-0.000000000000000000e+00 -6.776390557291470031e+02
-0.000000000000000000e+00 -6.709055818297960059e+02
-0.000000000000000000e+00 -6.703797952828466578e+02
-0.000000000000000000e+00 -6.703797952828434745e+02
-0.000000000000000000e+00 -6.566600444436578528e+02
-0.000000000000000000e+00 -6.491547372266659295e+02
-0.000000000000000000e+00 -6.292273154172085015e+02
-0.000000000000000000e+00 -6.120503681580198645e+02
-0.000000000000000000e+00 -6.015022060475649823e+02
-0.000000000000000000e+00 -5.935054346476181308e+02
-0.000000000000000000e+00 -5.733520502990014620e+02
-0.000000000000000000e+00 -5.689082175587775509e+02
-0.000000000000000000e+00 -5.591940691001954065e+02
-0.000000000000000000e+00 -5.591940691001915411e+02
-0.000000000000000000e+00 -5.516700654716653389e+02
-0.000000000000000000e+00 -5.490318516728051463e+02
-0.000000000000000000e+00 -5.381465487419500278e+02
-0.000000000000000000e+00 -5.381465487419483225e+02
-0.000000000000000000e+00 -5.307029393672959259e+02
-0.000000000000000000e+00 -5.278838508324215582e+02
-0.000000000000000000e+00 -5.269032483729401974e+02
-0.000000000000000000e+00 -5.264834561728147264e+02
-0.000000000000000000e+00 -5.183760002858390408e+02
-0.000000000000000000e+00 -5.097172564015449439e+02
-0.000000000000000000e+00 -5.097172564015442049e+02
1.100000000000000000e+01 0.000000000000000000e+00
7.000000000000000000e+00 -6.273287197466473799e+02
7.000000000000000000e+00 -5.224240961237842384e+02
7.000000000000000000e+00 -4.939420471437184119e+02
7.000000000000000000e+00 -4.312045321915233558e+02
7.000000000000000000e+00 -3.998408769179846445e+02
7.000000000000000000e+00 -3.740134246573367705e+02
7.000000000000000000e+00 -3.479302903038936279e+02
7.000000000000000000e+00 -3.347180697840138919e+02
7.000000000000000000e+00 -3.008471609060117657e+02
7.000000000000000000e+00 -2.987687771217412092e+02
7.000000000000000000e+00 -2.799446711218668042e+02
7.000000000000000000e+00 -2.550743198067978028e+02
7.000000000000000000e+00 -2.507652096130969426e+02
7.000000000000000000e+00 -2.351835933193551682e+02
7.000000000000000000e+00 -2.202041257286214773e+02
7.000000000000000000e+00 -2.052059338853065924e+02
7.000000000000000000e+00 -1.968847929598456972e+02
7.000000000000000000e+00 -1.897574104903703187e+02
7.000000000000000000e+00 -1.709315382952344180e+02
7.000000000000000000e+00 -1.521868663001494895e+02
7.000000000000000000e+00 -1.488853927741523080e+02
7.000000000000000000e+00 -1.370262333173428999e+02
7.000000000000000000e+00 -1.358591918339624272e+02
7.000000000000000000e+00 -1.357155707749085991e+02
7.000000000000000000e+00 -1.242512230028945481e+02
7.000000000000000000e+00 -6.693211978812125551e+01
7.000000000000000000e+00 -6.249294332234872229e+01
7.000000000000000000e+00 -5.853763750913679331e+01
7.000000000000000000e+00 -5.746102885052183495e+01
7.000000000000000000e+00 -5.729010897124014434e+01
7.000000000000000000e+00 -4.330049503500134733e+01
7.000000000000000000e+00 -3.764227401751713842e+01
7.000000000000000000e+00 -2.985953674034240990e+01
7.000000000000000000e+00 -2.943632041705845026e+01
7.000000000000000000e+00 -2.269255459640391237e+01
7.000000000000000000e+00 -1.451062542100749830e+01
7.000000000000000000e+00 -6.453119215174955237e+00
7.000000000000000000e+00 -1.808080595198285678e+00
7.000000000000000000e+00 1.495040859576242198e+01
7.000000000000000000e+00 2.877933279319581317e+01
2.000000000000000000e+00 -1.044723395916801564e+03
2.000000000000000000e+00 -9.014845762506114397e+02
2.000000000000000000e+00 -8.503257719884608150e+02
2.000000000000000000e+00 -8.327693430008281439e+02
2.000000000000000000e+00 -7.868828551279412977e+02
2.000000000000000000e+00 -7.576587381368140086e+02
2.000000000000000000e+00 -7.159412740662145325e+02
2.000000000000000000e+00 -7.071233619273544946e+02
2.000000000000000000e+00 -6.971638095847283694e+02
2.000000000000000000e+00 -6.927891693254258598e+02
2.000000000000000000e+00 -6.799401079629016067e+02
2.000000000000000000e+00 -6.775675209073405085e+02
2.000000000000000000e+00 -6.713017772612896579e+02
2.000000000000000000e+00 -6.607402579476442952e+02
2.000000000000000000e+00 -6.317495581410306613e+02
2.000000000000000000e+00 -6.303743030269118890e+02
2.000000000000000000e+00 -6.276583879445490766e+02
2.000000000000000000e+00 -6.118240251199911199e+02
2.000000000000000000e+00 -6.084081657857544769e+02
2.000000000000000000e+00 -6.070647658408421421e+02
2.000000000000000000e+00 -5.863917249168364378e+02
2.000000000000000000e+00 -5.812571046686185809e+02
2.000000000000000000e+00 -5.690236211622984683e+02
2.000000000000000000e+00 -5.591777840624849887e+02
2.000000000000000000e+00 -5.569381848287737284e+02
2.000000000000000000e+00 -5.517977365947921271e+02
2.000000000000000000e+00 -5.452405384506762402e+02
2.000000000000000000e+00 -5.406006113978024814e+02
2.000000000000000000e+00 -5.270384178567863955e+02
2.000000000000000000e+00 -5.181499195487390352e+02
2.000000000000000000e+00 -5.164107105137937879e+02
2.000000000000000000e+00 -5.106598779786648947e+02
2.000000000000000000e+00 -5.078131124227934947e+02
2.000000000000000000e+00 -4.783280314223028427e+02
2.000000000000000000e+00 -4.773893655808494145e+02
2.000000000000000000e+00 -4.733987616788310220e+02
2.000000000000000000e+00 -4.711136172194996448e+02
2.000000000000000000e+00 -4.706982755040380084e+02
2.000000000000000000e+00 -4.618107580163008947e+02
3.000000000000000000e+00 -8.673459012800257142e+02
3.000000000000000000e+00 -8.347983707223462488e+02
3.000000000000000000e+00 -8.340326149534896558e+02
3.000000000000000000e+00 -7.864322896783025953e+02
3.000000000000000000e+00 -7.184692802938106979e+02
3.000000000000000000e+00 -7.027838487521353272e+02
3.000000000000000000e+00 -6.996835072675393121e+02
3.000000000000000000e+00 -6.777207261083186722e+02
3.000000000000000000e+00 -6.747584445555672801e+02
3.000000000000000000e+00 -6.721078317114888705e+02
3.000000000000000000e+00 -6.327606363608357469e+02
3.000000000000000000e+00 -6.295256620023246796e+02
3.000000000000000000e+00 -6.010233785877168202e+02
3.000000000000000000e+00 -5.856048474851913852e+02
3.000000000000000000e+00 -5.843862247906140510e+02
3.000000000000000000e+00 -5.516700654716662484e+02
3.000000000000000000e+00 -5.512802227218394364e+02
3.000000000000000000e+00 -5.447751662701598434e+02
3.000000000000000000e+00 -5.393618616552242884e+02
3.000000000000000000e+00 -5.225640784450129104e+02
3.000000000000000000e+00 -5.129463895966663358e+02
3.000000000000000000e+00 -5.117373373415425704e+02
3.000000000000000000e+00 -5.081427219484194779e+02
3.000000000000000000e+00 -4.938253031359484453e+02
3.000000000000000000e+00 -4.868591538557433864e+02
3.000000000000000000e+00 -4.863806232970651990e+02
3.000000000000000000e+00 -4.745292305625050631e+02
3.000000000000000000e+00 -4.631932177509388566e+02
3.000000000000000000e+00 -4.631078608785824713e+02
3.000000000000000000e+00 -4.554983511543480859e+02
3.000000000000000000e+00 -4.490933702594842885e+02
3.000000000000000000e+00 -4.454787553046448920e+02
3.000000000000000000e+00 -4.418534112115401058e+02
3.000000000000000000e+00 -4.367884345380055606e+02
3.000000000000000000e+00 -4.350627303547360043e+02
3.000000000000000000e+00 -4.213082476941647201e+02
3.000000000000000000e+00 -4.210644310407395778e+02
9.000000000000000000e+00 -2.697045769855675417e+02
9.000000000000000000e+00 -1.587377279137160997e+02
9.000000000000000000e+00 -1.210463038247511491e+02
9.000000000000000000e+00 -4.584714722875310144e+01
9.000000000000000000e+00 9.412821172028786876e+00
9.000000000000000000e+00 6.915076076636972857e+01
9.000000000000000000e+00 8.504825498585887544e+01
9.000000000000000000e+00 1.686057933037155294e+02
9.000000000000000000e+00 2.660379170476690547e+02
9.000000000000000000e+00 2.702747134131976168e+02
9.000000000000000000e+00 2.984988828489406956e+02
9.000000000000000000e+00 4.052273248199198861e+02
9.000000000000000000e+00 4.272144711619509962e+02
9.000000000000000000e+00 6.638167664794685834e+02
9.000000000000000000e+00 6.740453755736130006e+02
9.000000000000000000e+00 7.056714672635818033e+02
9.000000000000000000e+00 8.684704210428022861e+02
9.000000000000000000e+00 9.784097204736721096e+02
5.000000000000000000e+00 -7.051280971566443441e+02
5.000000000000000000e+00 -7.033428993424377040e+02
5.000000000000000000e+00 -6.810551386502685318e+02
5.000000000000000000e+00 -6.707555068144995403e+02
5.000000000000000000e+00 -5.601992175065817037e+02
5.000000000000000000e+00 -5.459674851467646022e+02
5.000000000000000000e+00 -5.458071412304756223e+02
5.000000000000000000e+00 -5.149668357347944720e+02
5.000000000000000000e+00 -5.115282229191391821e+02
5.000000000000000000e+00 -4.784676906392992919e+02
5.000000000000000000e+00 -4.755648081236205940e+02
5.000000000000000000e+00 -4.743106002564333039e+02
5.000000000000000000e+00 -4.621353013796592109e+02
5.000000000000000000e+00 -4.599789082963439455e+02
5.000000000000000000e+00 -4.494906395972483324e+02
5.000000000000000000e+00 -4.481951335989784297e+02
5.000000000000000000e+00 -4.267360375916831572e+02
5.000000000000000000e+00 -4.148623024045035663e+02
5.000000000000000000e+00 -4.006745613911218697e+02
5.000000000000000000e+00 -3.886736705255884203e+02
5.000000000000000000e+00 -3.755143496666359511e+02
5.000000000000000000e+00 -3.743747225621401640e+02
5.000000000000000000e+00 -3.700345513855372133e+02
5.000000000000000000e+00 -3.604025575254013347e+02
5.000000000000000000e+00 -3.503467809775323758e+02
5.000000000000000000e+00 -3.425253928488918405e+02
5.000000000000000000e+00 -3.338707119475097898e+02
5.000000000000000000e+00 -3.163349193739465477e+02
5.000000000000000000e+00 -3.088888292895871359e+02
5.000000000000000000e+00 -2.988306561342780583e+02
5.000000000000000000e+00 -2.978724902231665510e+02
5.000000000000000000e+00 -2.889648847817937849e+02
5.000000000000000000e+00 -2.860784922775393397e+02
5.000000000000000000e+00 -2.809253240938984391e+02
5.000000000000000000e+00 -2.747328270963200225e+02
5.000000000000000000e+00 -2.734995129397838127e+02
5.000000000000000000e+00 -2.656342938492766734e+02
5.000000000000000000e+00 -2.623032882360862459e+02
5.000000000000000000e+00 -2.569532463513077118e+02
1.000000000000000000e+01 -3.019516157131791942e+02
1.000000000000000000e+01 -1.097679275391870277e+02
1.000000000000000000e+01 2.552218953353863995e+01
1.000000000000000000e+01 1.266358548179603360e+02
1.000000000000000000e+01 2.068171030588305541e+02
1.000000000000000000e+01 3.154763331920655673e+02
1.000000000000000000e+01 4.146263211508825748e+02
1.000000000000000000e+01 6.370868979918255945e+02
1.000000000000000000e+01 7.652486355072630886e+02
6.000000000000000000e+00 -7.004535244513267571e+02
6.000000000000000000e+00 -6.282936143403740061e+02
6.000000000000000000e+00 -5.618283836441822814e+02
6.000000000000000000e+00 -5.171330247742448591e+02
6.000000000000000000e+00 -4.955525880572136543e+02
6.000000000000000000e+00 -4.835049270371617354e+02
6.000000000000000000e+00 -4.724259085899337833e+02
6.000000000000000000e+00 -4.590797095154499061e+02
6.000000000000000000e+00 -4.276368182889642640e+02
6.000000000000000000e+00 -3.997161347453920826e+02
6.000000000000000000e+00 -3.975829423135382967e+02
6.000000000000000000e+00 -3.646634711202056565e+02
6.000000000000000000e+00 -3.522762366837664558e+02
6.000000000000000000e+00 -3.436958787500148560e+02
6.000000000000000000e+00 -3.418209925498260873e+02
6.000000000000000000e+00 -3.262473006149526213e+02
6.000000000000000000e+00 -3.080904775526581716e+02
6.000000000000000000e+00 -2.996066700439618558e+02
6.000000000000000000e+00 -2.973252991057041754e+02
6.000000000000000000e+00 -2.794481254151223766e+02
6.000000000000000000e+00 -2.704318904515023405e+02
6.000000000000000000e+00 -2.616481270238979278e+02
6.000000000000000000e+00 -2.612461834405226000e+02
6.000000000000000000e+00 -2.514621772211630173e+02
6.000000000000000000e+00 -2.416193893463569395e+02
6.000000000000000000e+00 -2.378065136602611176e+02
6.000000000000000000e+00 -2.282178428219775981e+02
6.000000000000000000e+00 -2.212983919758336526e+02
6.000000000000000000e+00 -2.162792281447044900e+02
6.000000000000000000e+00 -2.117097935161266378e+02
6.000000000000000000e+00 -2.074868019356121636e+02
6.000000000000000000e+00 -2.060705091223116767e+02
6.000000000000000000e+00 -1.926614826574148651e+02
6.000000000000000000e+00 -1.821009471669404149e+02
6.000000000000000000e+00 -1.736491997782352712e+02
6.000000000000000000e+00 -1.649148758032989122e+02
6.000000000000000000e+00 -1.595368165960494764e+02
6.000000000000000000e+00 -1.536588538502213908e+02
6.000000000000000000e+00 -1.443404038887026957e+02
6.000000000000000000e+00 -1.429024651071056553e+02
8.000000000000000000e+00 -4.570993708118459722e+02
8.000000000000000000e+00 -4.131265291450030759e+02
8.000000000000000000e+00 -3.601634412796733500e+02
8.000000000000000000e+00 -3.118781799706084712e+02
8.000000000000000000e+00 -2.889648847817961155e+02
8.000000000000000000e+00 -2.543733855837976137e+02
8.000000000000000000e+00 -1.863487549728441195e+02
8.000000000000000000e+00 -1.710060794002726823e+02
8.000000000000000000e+00 -1.481018671805198608e+02
8.000000000000000000e+00 -1.423781750281336542e+02
8.000000000000000000e+00 -1.348357700843508269e+02
8.000000000000000000e+00 -1.275191509017036822e+02
8.000000000000000000e+00 -8.544293481450552008e+01
8.000000000000000000e+00 -6.454411201992340352e+01
8.000000000000000000e+00 -5.123179729703939245e+01
8.000000000000000000e+00 -1.356760350934416337e+01
8.000000000000000000e+00 -1.646897023094409773e+00
8.000000000000000000e+00 1.921911266653030026e+01
8.000000000000000000e+00 3.669035619013341432e+01
8.000000000000000000e+00 5.918802095398564234e+01
8.000000000000000000e+00 8.149407528614555929e+01
8.000000000000000000e+00 9.415086422669331512e+01
8.000000000000000000e+00 9.520624235022148696e+01
8.000000000000000000e+00 1.187101063529482303e+02
8.000000000000000000e+00 1.225131718021676193e+02
8.000000000000000000e+00 1.257922247730640208e+02
8.000000000000000000e+00 1.425987039692502094e+02
8.000000000000000000e+00 1.519176408275697270e+02
8.000000000000000000e+00 1.739122199063309893e+02
8.000000000000000000e+00 1.781889582004049259e+02
8.000000000000000000e+00 1.933987619387652330e+02
8.000000000000000000e+00 2.185714843776874261e+02
8.000000000000000000e+00 2.549631472502795191e+02
8.000000000000000000e+00 2.591555216482804553e+02
8.000000000000000000e+00 2.664470607396273749e+02
8.000000000000000000e+00 2.939780908587169392e+02
8.000000000000000000e+00 3.119123276790219847e+02
8.000000000000000000e+00 3.273849603178436496e+02
8.000000000000000000e+00 3.447647852409809275e+02
1.000000000000000000e+00 -1.045505927721025046e+03
1.000000000000000000e+00 -9.030525607645938635e+02
1.000000000000000000e+00 -8.980506614978640982e+02
1.000000000000000000e+00 -8.559498341586703418e+02
1.000000000000000000e+00 -8.471087258741978303e+02
1.000000000000000000e+00 -7.642117596921618770e+02
1.000000000000000000e+00 -7.582415593804138325e+02
1.000000000000000000e+00 -7.457300139146071842e+02
1.000000000000000000e+00 -7.288255504236609568e+02
1.000000000000000000e+00 -7.216840541133157103e+02
1.000000000000000000e+00 -7.058067514115226686e+02
1.000000000000000000e+00 -6.966002954460033152e+02
1.000000000000000000e+00 -6.786885025783034280e+02
1.000000000000000000e+00 -6.692334798843486396e+02
1.000000000000000000e+00 -6.673771101827619532e+02
1.000000000000000000e+00 -6.515863250340739796e+02
1.000000000000000000e+00 -6.480679190640074694e+02
1.000000000000000000e+00 -6.433051088691415771e+02
1.000000000000000000e+00 -6.372134544112441290e+02
1.000000000000000000e+00 -6.303831778464926856e+02
1.000000000000000000e+00 -6.123170945356050652e+02
1.000000000000000000e+00 -6.091557910011304102e+02
1.000000000000000000e+00 -6.082710420317592934e+02
1.000000000000000000e+00 -5.992628057247017068e+02
1.000000000000000000e+00 -5.986964514174535452e+02
1.000000000000000000e+00 -5.816356497262910352e+02
1.000000000000000000e+00 -5.755740772757516197e+02
1.000000000000000000e+00 -5.740996827643962206e+02
1.000000000000000000e+00 -5.588351922509333463e+02
1.000000000000000000e+00 -5.586241439321278222e+02
1.000000000000000000e+00 -5.479348082695541962e+02
1.000000000000000000e+00 -5.475974947151174774e+02
1.000000000000000000e+00 -5.473360269212810181e+02
1.000000000000000000e+00 -5.319018822502869170e+02
1.000000000000000000e+00 -5.301362211893747372e+02
1.000000000000000000e+00 -5.240513602392960593e+02
1.000000000000000000e+00 -5.098141109936004796e+02
1.000000000000000000e+00 -5.073831926679554272e+02
1.000000000000000000e+00 -4.929690255140337172e+02
1.000000000000000000e+00 -4.879331506641967735e+02
4.000000000000000000e+00 -8.604868547088390187e+02
4.000000000000000000e+00 -7.603605119950256039e+02
4.000000000000000000e+00 -7.187540163833407405e+02
4.000000000000000000e+00 -6.882420353816671650e+02
4.000000000000000000e+00 -6.706532912618140472e+02
4.000000000000000000e+00 -6.444077671992032492e+02
4.000000000000000000e+00 -6.119680700576160461e+02
4.000000000000000000e+00 -5.975310804945363543e+02
4.000000000000000000e+00 -5.837034792465564124e+02
4.000000000000000000e+00 -5.649931022423202194e+02
4.000000000000000000e+00 -5.423695600526667704e+02
4.000000000000000000e+00 -5.298671991608144936e+02
4.000000000000000000e+00 -5.280006708348271331e+02
4.000000000000000000e+00 -4.853362016815546554e+02
4.000000000000000000e+00 -4.818469261291886596e+02
4.000000000000000000e+00 -4.796871035680889577e+02
4.000000000000000000e+00 -4.593619553004075442e+02
4.000000000000000000e+00 -4.551335121030978144e+02
4.000000000000000000e+00 -4.496357175334570684e+02
4.000000000000000000e+00 -4.427581025902302372e+02
4.000000000000000000e+00 -4.346883303964458491e+02
4.000000000000000000e+00 -4.302889889046084022e+02
4.000000000000000000e+00 -4.191901044008197914e+02
4.000000000000000000e+00 -4.123538366762233522e+02
4.000000000000000000e+00 -4.077759390303718305e+02
4.000000000000000000e+00 -3.987238809510711803e+02
4.000000000000000000e+00 -3.857489540132258981e+02
4.000000000000000000e+00 -3.718152969939941954e+02
4.000000000000000000e+00 -3.668870598723161152e+02
4.000000000000000000e+00 -3.659201504476633886e+02
4.000000000000000000e+00 -3.541888890018682332e+02
4.000000000000000000e+00 -3.466577370490256271e+02
