-0.000000000000000000e+00 -1.302323565013345615e+03
-0.000000000000000000e+00 -1.292054585102765941e+03
-0.000000000000000000e+00 -1.088279494508778953e+03
-0.000000000000000000e+00 -1.085776219652466352e+03
-0.000000000000000000e+00 -1.082543357574270885e+03
-0.000000000000000000e+00 -1.075508951509170856e+03
-0.000000000000000000e+00 -1.071659916657139320e+03
-0.000000000000000000e+00 -1.069595886647100770e+03
-0.000000000000000000e+00 -1.056954064961401173e+03
-0.000000000000000000e+00 -1.043974776601831309e+03
-0.000000000000000000e+00 -8.710198154497439873e+02
-0.000000000000000000e+00 -8.681823452401215491e+02
-0.000000000000000000e+00 -8.673456701566663014e+02
-0.000000000000000000e+00 -8.673456701566656193e+02
-0.000000000000000000e+00 -8.669597763716332111e+02
-0.000000000000000000e+00 -8.639482753984798364e+02
-0.000000000000000000e+00 -8.637140571168928318e+02
-0.000000000000000000e+00 -8.634834805788397034e+02
-0.000000000000000000e+00 -8.634834805788370886e+02
-0.000000000000000000e+00 -8.593262959450580638e+02
-0.000000000000000000e+00 -8.591929319686860254e+02
-0.000000000000000000e+00 -8.581058101498570068e+02
-0.000000000000000000e+00 -8.577423135804501726e+02
-0.000000000000000000e+00 -8.557748993787133713e+02
-0.000000000000000000e+00 -8.544358551645182160e+02
-0.000000000000000000e+00 -8.538967599767456704e+02
-0.000000000000000000e+00 -8.532043165295552853e+02
-0.000000000000000000e+00 -8.507109892419985044e+02
-0.000000000000000000e+00 -8.483538066546179834e+02
-0.000000000000000000e+00 -8.483538066546174150e+02
-0.000000000000000000e+00 -8.478178656310036558e+02
-0.000000000000000000e+00 -8.477258548066922685e+02
-0.000000000000000000e+00 -8.466030125619672617e+02
-0.000000000000000000e+00 -8.431758909391718362e+02
-0.000000000000000000e+00 -8.396356460808701740e+02
-0.000000000000000000e+00 -8.366333151097755945e+02
-0.000000000000000000e+00 -8.362192989334184858e+02
-0.000000000000000000e+00 -8.357954532615182188e+02
-0.000000000000000000e+00 -8.357954532615177641e+02
1.100000000000000000e+01 0.000000000000000000e+00
7.000000000000000000e+00 -8.564076630625927464e+02
7.000000000000000000e+00 -6.511365433411249342e+02
7.000000000000000000e+00 -6.489401578450411989e+02
7.000000000000000000e+00 -6.432465232274364553e+02
7.000000000000000000e+00 -6.408574252774978959e+02
7.000000000000000000e+00 -6.278704731899216540e+02
7.000000000000000000e+00 -6.202323200186882559e+02
7.000000000000000000e+00 -4.371631136852529949e+02
7.000000000000000000e+00 -4.365799949046337929e+02
7.000000000000000000e+00 -4.338723106261624025e+02
7.000000000000000000e+00 -4.260995532984767920e+02
7.000000000000000000e+00 -4.258247385832096370e+02
7.000000000000000000e+00 -4.217626436324404722e+02
7.000000000000000000e+00 -4.215866709868047337e+02
7.000000000000000000e+00 -4.185635567464777864e+02
7.000000000000000000e+00 -4.183384032196002522e+02
7.000000000000000000e+00 -4.152305002485574050e+02
7.000000000000000000e+00 -4.148284187718431895e+02
7.000000000000000000e+00 -4.134659908218000055e+02
7.000000000000000000e+00 -4.117057313553381732e+02
7.000000000000000000e+00 -4.084045230532866526e+02
7.000000000000000000e+00 -4.063022337965064708e+02
7.000000000000000000e+00 -4.026716247381465337e+02
7.000000000000000000e+00 -3.946478897614272228e+02
7.000000000000000000e+00 -3.929438428172219915e+02
7.000000000000000000e+00 -3.904327834939282411e+02
7.000000000000000000e+00 -3.818156008649378350e+02
7.000000000000000000e+00 -2.173860388293620929e+02
7.000000000000000000e+00 -2.165121683826335186e+02
7.000000000000000000e+00 -2.143754148134152331e+02
7.000000000000000000e+00 -2.119973106388023041e+02
7.000000000000000000e+00 -2.117043611547479713e+02
7.000000000000000000e+00 -2.090567025942242481e+02
7.000000000000000000e+00 -2.066337119409706986e+02
7.000000000000000000e+00 -2.066042492915354387e+02
7.000000000000000000e+00 -2.063007930873320390e+02
7.000000000000000000e+00 -2.050543805357273186e+02
7.000000000000000000e+00 -2.040437607765286998e+02
7.000000000000000000e+00 -2.039298962906427448e+02
7.000000000000000000e+00 -2.019151378351371591e+02
2.000000000000000000e+00 -1.298658268213792780e+03
2.000000000000000000e+00 -1.091120783566430418e+03
2.000000000000000000e+00 -1.083076883345674787e+03
2.000000000000000000e+00 -1.077059851277881307e+03
2.000000000000000000e+00 -1.071477783861492071e+03
2.000000000000000000e+00 -1.070072099759173625e+03
2.000000000000000000e+00 -1.062444473529449624e+03
2.000000000000000000e+00 -8.760194174311177449e+02
2.000000000000000000e+00 -8.682284026465373472e+02
2.000000000000000000e+00 -8.679796739051195118e+02
2.000000000000000000e+00 -8.674543183103689898e+02
2.000000000000000000e+00 -8.639992438845717970e+02
2.000000000000000000e+00 -8.638767454463551303e+02
2.000000000000000000e+00 -8.635528899182329496e+02
2.000000000000000000e+00 -8.614854286639024394e+02
2.000000000000000000e+00 -8.605970187216024669e+02
2.000000000000000000e+00 -8.578373199053446569e+02
2.000000000000000000e+00 -8.575134193701600225e+02
2.000000000000000000e+00 -8.570577926730983336e+02
2.000000000000000000e+00 -8.556707768139866630e+02
2.000000000000000000e+00 -8.551912996377737954e+02
2.000000000000000000e+00 -8.544465638897362396e+02
2.000000000000000000e+00 -8.539330102067685857e+02
2.000000000000000000e+00 -8.486630769266164407e+02
2.000000000000000000e+00 -8.485794420914805869e+02
2.000000000000000000e+00 -8.481451684119001584e+02
2.000000000000000000e+00 -8.448251869751748018e+02
2.000000000000000000e+00 -8.427139123988035863e+02
2.000000000000000000e+00 -8.407840716624806419e+02
2.000000000000000000e+00 -8.354846044130786140e+02
2.000000000000000000e+00 -8.354348752178473205e+02
2.000000000000000000e+00 -8.351608410601968444e+02
2.000000000000000000e+00 -8.326841644202866064e+02
2.000000000000000000e+00 -8.241130420452399221e+02
2.000000000000000000e+00 -8.219078710780188430e+02
2.000000000000000000e+00 -6.586697687212446226e+02
2.000000000000000000e+00 -6.564725932202138665e+02
2.000000000000000000e+00 -6.541043675594627302e+02
2.000000000000000000e+00 -6.521883032377797917e+02
2.000000000000000000e+00 -6.512104429832535288e+02
3.000000000000000000e+00 -1.086549498441449259e+03
3.000000000000000000e+00 -1.077068349245965010e+03
3.000000000000000000e+00 -1.075252132264075271e+03
3.000000000000000000e+00 -1.071501848117723739e+03
3.000000000000000000e+00 -8.726481816636483018e+02
3.000000000000000000e+00 -8.681823452401230270e+02
3.000000000000000000e+00 -8.675145454917496863e+02
3.000000000000000000e+00 -8.647930092017236348e+02
3.000000000000000000e+00 -8.635513155840054651e+02
3.000000000000000000e+00 -8.635468030346646628e+02
3.000000000000000000e+00 -8.620798492663201387e+02
3.000000000000000000e+00 -8.614775471896014096e+02
3.000000000000000000e+00 -8.581032925082365637e+02
3.000000000000000000e+00 -8.562531491745407948e+02
3.000000000000000000e+00 -8.556519950955519107e+02
3.000000000000000000e+00 -8.486717758961530080e+02
3.000000000000000000e+00 -8.427171070593437889e+02
3.000000000000000000e+00 -8.414640534127420324e+02
3.000000000000000000e+00 -8.405983266377813834e+02
3.000000000000000000e+00 -8.358926612974902355e+02
3.000000000000000000e+00 -8.351970336137634376e+02
3.000000000000000000e+00 -8.347098683861495374e+02
3.000000000000000000e+00 -8.215466890881652944e+02
3.000000000000000000e+00 -6.610328076792112597e+02
3.000000000000000000e+00 -6.579123830169553457e+02
3.000000000000000000e+00 -6.562155811454695140e+02
3.000000000000000000e+00 -6.523556407085229694e+02
3.000000000000000000e+00 -6.490783594010565594e+02
3.000000000000000000e+00 -6.489117481867967854e+02
3.000000000000000000e+00 -6.456720098106013666e+02
3.000000000000000000e+00 -6.453213615342468756e+02
3.000000000000000000e+00 -6.452666115449316067e+02
3.000000000000000000e+00 -6.427988223844772619e+02
3.000000000000000000e+00 -6.423859568317676576e+02
3.000000000000000000e+00 -6.416645469101351864e+02
3.000000000000000000e+00 -6.412384764720200110e+02
3.000000000000000000e+00 -6.409300535259619664e+02
9.000000000000000000e+00 -4.215602665021841062e+02
9.000000000000000000e+00 -4.071470738524422472e+02
9.000000000000000000e+00 -2.161458172357862111e+02
9.000000000000000000e+00 -2.070572027273746585e+02
9.000000000000000000e+00 -1.956371598115969448e+02
9.000000000000000000e+00 -1.852341520322574127e+02
9.000000000000000000e+00 7.119061852763246989e+00
9.000000000000000000e+00 1.368445873300707660e+01
9.000000000000000000e+00 1.635383956765667079e+01
9.000000000000000000e+00 2.973455593424925070e+01
9.000000000000000000e+00 3.954183257480170255e+01
9.000000000000000000e+00 5.373462133767176141e+01
9.000000000000000000e+00 2.310140926502820378e+02
9.000000000000000000e+00 2.420515039528153238e+02
9.000000000000000000e+00 2.539112281886819460e+02
9.000000000000000000e+00 2.629766703512798358e+02
9.000000000000000000e+00 4.749858528069473209e+02
9.000000000000000000e+00 4.889965846114847636e+02
5.000000000000000000e+00 -8.715643069483520549e+02
5.000000000000000000e+00 -8.671876571384748331e+02
5.000000000000000000e+00 -8.639273697738608462e+02
5.000000000000000000e+00 -8.600670480789314070e+02
5.000000000000000000e+00 -8.497768824545221378e+02
5.000000000000000000e+00 -8.485995730981370571e+02
5.000000000000000000e+00 -8.354971061576411557e+02
5.000000000000000000e+00 -6.566843911977130119e+02
5.000000000000000000e+00 -6.563419589991315206e+02
5.000000000000000000e+00 -6.518120667524717646e+02
5.000000000000000000e+00 -6.475653781679570784e+02
5.000000000000000000e+00 -6.460729820148987983e+02
5.000000000000000000e+00 -6.437787285784570486e+02
5.000000000000000000e+00 -6.435816722784437616e+02
5.000000000000000000e+00 -6.407284420832670548e+02
5.000000000000000000e+00 -6.407022160697199524e+02
5.000000000000000000e+00 -6.401834942871809062e+02
5.000000000000000000e+00 -6.401492585983251047e+02
5.000000000000000000e+00 -6.378261822645019947e+02
5.000000000000000000e+00 -6.356773322157172288e+02
5.000000000000000000e+00 -6.353279545033698241e+02
5.000000000000000000e+00 -6.333242884745965284e+02
5.000000000000000000e+00 -6.327620901620940685e+02
5.000000000000000000e+00 -6.292842966252823089e+02
5.000000000000000000e+00 -6.271735219908653107e+02
5.000000000000000000e+00 -6.264520701079666196e+02
5.000000000000000000e+00 -6.213232260448306761e+02
5.000000000000000000e+00 -6.199665520015997799e+02
5.000000000000000000e+00 -6.147219817619569540e+02
5.000000000000000000e+00 -6.146532038933601143e+02
5.000000000000000000e+00 -6.092087953435511736e+02
5.000000000000000000e+00 -6.067367165360915351e+02
5.000000000000000000e+00 -6.016272068008919405e+02
5.000000000000000000e+00 -4.350162956811558956e+02
5.000000000000000000e+00 -4.328111253575448814e+02
5.000000000000000000e+00 -4.321211521107612725e+02
5.000000000000000000e+00 -4.307380822427539897e+02
5.000000000000000000e+00 -4.301262498000181154e+02
5.000000000000000000e+00 -4.298888444344219124e+02
5.000000000000000000e+00 -4.288189772152369983e+02
1.000000000000000000e+01 -4.294819959768074682e+02
1.000000000000000000e+01 -2.142955561805092657e+02
1.000000000000000000e+01 -1.936392876403911032e+02
1.000000000000000000e+01 1.192963059550856109e+01
1.000000000000000000e+01 1.546669361300626733e+01
1.000000000000000000e+01 4.490727444908232968e+01
1.000000000000000000e+01 2.326895186970359077e+02
1.000000000000000000e+01 2.555400779547920820e+02
1.000000000000000000e+01 4.659467164882825614e+02
6.000000000000000000e+00 -8.671866708865543387e+02
6.000000000000000000e+00 -8.564356085710642219e+02
6.000000000000000000e+00 -8.486050009210985081e+02
6.000000000000000000e+00 -6.523927930908171220e+02
6.000000000000000000e+00 -6.489251541739473623e+02
6.000000000000000000e+00 -6.471049932476313415e+02
6.000000000000000000e+00 -6.455493785137222176e+02
6.000000000000000000e+00 -6.416917111178978530e+02
6.000000000000000000e+00 -6.408400163275435943e+02
6.000000000000000000e+00 -6.379271871172624060e+02
6.000000000000000000e+00 -6.343345273897720062e+02
6.000000000000000000e+00 -6.278555932557987944e+02
6.000000000000000000e+00 -6.266750149942336066e+02
6.000000000000000000e+00 -6.202405735533179723e+02
6.000000000000000000e+00 -6.151943705386780721e+02
6.000000000000000000e+00 -6.151900073754386540e+02
6.000000000000000000e+00 -6.115074192331524046e+02
6.000000000000000000e+00 -4.419907466451605842e+02
6.000000000000000000e+00 -4.368097758557532302e+02
6.000000000000000000e+00 -4.335696972154931359e+02
6.000000000000000000e+00 -4.321784797522657300e+02
6.000000000000000000e+00 -4.312032919970502576e+02
6.000000000000000000e+00 -4.284742254345993615e+02
6.000000000000000000e+00 -4.267374872766593512e+02
6.000000000000000000e+00 -4.257947553596953867e+02
6.000000000000000000e+00 -4.250149338051959944e+02
6.000000000000000000e+00 -4.243242964907973942e+02
6.000000000000000000e+00 -4.234253281708092800e+02
6.000000000000000000e+00 -4.215259836109657954e+02
6.000000000000000000e+00 -4.208693863570861140e+02
6.000000000000000000e+00 -4.208206584666434082e+02
6.000000000000000000e+00 -4.200537158827277722e+02
6.000000000000000000e+00 -4.185755194986925858e+02
6.000000000000000000e+00 -4.172976157311727547e+02
6.000000000000000000e+00 -4.149949474628290318e+02
6.000000000000000000e+00 -4.146254057825789232e+02
6.000000000000000000e+00 -4.121372856306467156e+02
6.000000000000000000e+00 -4.114217205262174843e+02
6.000000000000000000e+00 -4.112334997334094169e+02
6.000000000000000000e+00 -4.106205503073111345e+02
8.000000000000000000e+00 -6.443712267734814532e+02
8.000000000000000000e+00 -6.330668573723777399e+02
8.000000000000000000e+00 -4.371744780753291479e+02
8.000000000000000000e+00 -4.304511487020195091e+02
8.000000000000000000e+00 -4.260141986931982956e+02
8.000000000000000000e+00 -4.226329439357029969e+02
8.000000000000000000e+00 -4.198855029469432338e+02
8.000000000000000000e+00 -4.140633692014819189e+02
8.000000000000000000e+00 -4.087561079890654128e+02
8.000000000000000000e+00 -3.992486434376278339e+02
8.000000000000000000e+00 -3.924638933830037786e+02
8.000000000000000000e+00 -2.189386627661709213e+02
8.000000000000000000e+00 -2.157489953731091532e+02
8.000000000000000000e+00 -2.133899640635588071e+02
8.000000000000000000e+00 -2.069061136868655240e+02
8.000000000000000000e+00 -2.060225024546400050e+02
8.000000000000000000e+00 -2.029455333419574572e+02
8.000000000000000000e+00 -1.978916357735171516e+02
8.000000000000000000e+00 -1.972543699063592726e+02
8.000000000000000000e+00 -1.905397084755321373e+02
8.000000000000000000e+00 -1.892625498165736246e+02
8.000000000000000000e+00 -1.859816659294916406e+02
8.000000000000000000e+00 -1.848140855903589568e+02
8.000000000000000000e+00 -1.718937857096582604e+02
8.000000000000000000e+00 -1.694444244521717451e+02
8.000000000000000000e+00 -1.673039461455140895e+02
8.000000000000000000e+00 -1.494495348440203770e+02
8.000000000000000000e+00 3.754250486626374617e+00
8.000000000000000000e+00 7.699048306290431576e+00
8.000000000000000000e+00 8.759451418836510683e+00
8.000000000000000000e+00 9.638186675222398136e+00
8.000000000000000000e+00 1.003355386547322503e+01
8.000000000000000000e+00 1.462224011893798981e+01
8.000000000000000000e+00 1.620304841330092671e+01
8.000000000000000000e+00 1.854101479717176915e+01
8.000000000000000000e+00 2.323722936050309329e+01
8.000000000000000000e+00 2.440293225589734405e+01
8.000000000000000000e+00 3.526331584339987302e+01
8.000000000000000000e+00 3.868762685504503196e+01
1.000000000000000000e+00 -1.298686192168940579e+03
1.000000000000000000e+00 -1.091105959169474318e+03
1.000000000000000000e+00 -1.087774299283547862e+03
1.000000000000000000e+00 -1.083059480503858367e+03
1.000000000000000000e+00 -1.078241751545754596e+03
1.000000000000000000e+00 -1.070357543991501188e+03
1.000000000000000000e+00 -1.070057527787255822e+03
1.000000000000000000e+00 -1.062452848613742390e+03
1.000000000000000000e+00 -1.057428131657923586e+03
1.000000000000000000e+00 -8.757174982862089792e+02
1.000000000000000000e+00 -8.708376751447773358e+02
1.000000000000000000e+00 -8.689198607142469655e+02
1.000000000000000000e+00 -8.673133466281116171e+02
1.000000000000000000e+00 -8.672081324811348395e+02
1.000000000000000000e+00 -8.656071177330723003e+02
1.000000000000000000e+00 -8.644567441255461517e+02
1.000000000000000000e+00 -8.637443844464180529e+02
1.000000000000000000e+00 -8.632370971848326917e+02
1.000000000000000000e+00 -8.630552264895285361e+02
1.000000000000000000e+00 -8.608422145457810757e+02
1.000000000000000000e+00 -8.594911010836696050e+02
1.000000000000000000e+00 -8.581916200636201211e+02
1.000000000000000000e+00 -8.573376156050818508e+02
1.000000000000000000e+00 -8.568459326859455132e+02
1.000000000000000000e+00 -8.544748674844730658e+02
1.000000000000000000e+00 -8.543817200678201971e+02
1.000000000000000000e+00 -8.536573034383006870e+02
1.000000000000000000e+00 -8.519361385084973790e+02
1.000000000000000000e+00 -8.488741473223172989e+02
1.000000000000000000e+00 -8.483268249826181773e+02
1.000000000000000000e+00 -8.481909535874128778e+02
1.000000000000000000e+00 -8.473050292020760708e+02
1.000000000000000000e+00 -8.462919500041871288e+02
1.000000000000000000e+00 -8.439773523975356966e+02
1.000000000000000000e+00 -8.406562424210320614e+02
1.000000000000000000e+00 -8.402964264322538384e+02
1.000000000000000000e+00 -8.352583462833435988e+02
1.000000000000000000e+00 -8.350945636636666904e+02
1.000000000000000000e+00 -8.293978629265255904e+02
1.000000000000000000e+00 -8.240548768017505381e+02
4.000000000000000000e+00 -1.078307462254043685e+03
4.000000000000000000e+00 -1.070405919917940764e+03
4.000000000000000000e+00 -8.706796375334068898e+02
4.000000000000000000e+00 -8.644025196014134735e+02
4.000000000000000000e+00 -8.637129422806349339e+02
4.000000000000000000e+00 -8.633097383680127450e+02
4.000000000000000000e+00 -8.579383353924372386e+02
4.000000000000000000e+00 -8.519725262289875900e+02
4.000000000000000000e+00 -8.492756157882237176e+02
4.000000000000000000e+00 -8.488245447462504671e+02
4.000000000000000000e+00 -8.473272390636990394e+02
4.000000000000000000e+00 -8.409477379556705046e+02
4.000000000000000000e+00 -8.351361998900705430e+02
4.000000000000000000e+00 -8.225192964961311191e+02
4.000000000000000000e+00 -6.583076944839345970e+02
4.000000000000000000e+00 -6.560419687657937402e+02
4.000000000000000000e+00 -6.492095350595773198e+02
4.000000000000000000e+00 -6.475880895261640262e+02
4.000000000000000000e+00 -6.467576373442585691e+02
4.000000000000000000e+00 -6.466076541615557289e+02
4.000000000000000000e+00 -6.427964257828283507e+02
4.000000000000000000e+00 -6.419410293540043995e+02
4.000000000000000000e+00 -6.409880086544598043e+02
4.000000000000000000e+00 -6.409137313184478444e+02
4.000000000000000000e+00 -6.395213824029677880e+02
4.000000000000000000e+00 -6.377918509506963574e+02
4.000000000000000000e+00 -6.372803712533840326e+02
4.000000000000000000e+00 -6.364179070781992777e+02
4.000000000000000000e+00 -6.356535670253754233e+02
4.000000000000000000e+00 -6.341463097717473829e+02
4.000000000000000000e+00 -6.324096439366712730e+02
4.000000000000000000e+00 -6.313062220901659884e+02
4.000000000000000000e+00 -6.298767847147151997e+02
