-0.000000000000000000e+00 -3.937294064089639505e+03
-0.000000000000000000e+00 -3.699442164450137625e+03
-0.000000000000000000e+00 -3.633317398216230231e+03
-0.000000000000000000e+00 -3.521950724040745172e+03
-0.000000000000000000e+00 -3.356189911487724203e+03
-0.000000000000000000e+00 -3.288775960759968257e+03
-0.000000000000000000e+00 -3.250341807587068161e+03
-0.000000000000000000e+00 -3.169703694256541894e+03
-0.000000000000000000e+00 -3.132199892243913382e+03
-0.000000000000000000e+00 -3.092836836055184449e+03
-0.000000000000000000e+00 -3.064717767561244727e+03
-0.000000000000000000e+00 -3.036928558585760129e+03
-0.000000000000000000e+00 -3.022043734390471400e+03
-0.000000000000000000e+00 -2.995246706872431787e+03
-0.000000000000000000e+00 -2.975098165696699198e+03
-0.000000000000000000e+00 -2.949458329210608099e+03
-0.000000000000000000e+00 -2.936005594156438747e+03
-0.000000000000000000e+00 -2.873344049710537092e+03
-0.000000000000000000e+00 -2.872130880909255211e+03
-0.000000000000000000e+00 -2.860376264737354632e+03
-0.000000000000000000e+00 -2.828694403211217377e+03
-0.000000000000000000e+00 -2.797357728959492761e+03
-0.000000000000000000e+00 -2.782076237151902205e+03
-0.000000000000000000e+00 -2.776935696778586134e+03
-0.000000000000000000e+00 -2.761997520722300578e+03
-0.000000000000000000e+00 -2.759819704661364995e+03
-0.000000000000000000e+00 -2.742601886091078995e+03
-0.000000000000000000e+00 -2.724984023170513865e+03
-0.000000000000000000e+00 -2.704805363534766457e+03
-0.000000000000000000e+00 -2.704159182577477623e+03
-0.000000000000000000e+00 -2.697516727858993363e+03
-0.000000000000000000e+00 -2.697516727858986087e+03
-0.000000000000000000e+00 -2.671807466688151180e+03
-0.000000000000000000e+00 -2.656206623764777760e+03
-0.000000000000000000e+00 -2.653226228256562536e+03
-0.000000000000000000e+00 -2.609478715316726266e+03
-0.000000000000000000e+00 -2.609478715316720809e+03
-0.000000000000000000e+00 -2.593711693347615892e+03
-0.000000000000000000e+00 -2.584768754395595352e+03
-0.000000000000000000e+00 -2.578856616619490069e+03
1.100000000000000000e+01 0.000000000000000000e+00
7.000000000000000000e+00 -2.934802201963480456e+03
7.000000000000000000e+00 -2.442351239125788197e+03
7.000000000000000000e+00 -2.235215453607021573e+03
7.000000000000000000e+00 -2.175885975877268265e+03
7.000000000000000000e+00 -2.054729807601862831e+03
7.000000000000000000e+00 -1.876509066167096989e+03
7.000000000000000000e+00 -1.845616160717976527e+03
7.000000000000000000e+00 -1.814429050329415986e+03
7.000000000000000000e+00 -1.766794052323686856e+03
7.000000000000000000e+00 -1.764071279060805409e+03
7.000000000000000000e+00 -1.728204734515970131e+03
7.000000000000000000e+00 -1.627940178888967694e+03
7.000000000000000000e+00 -1.617600396053672512e+03
7.000000000000000000e+00 -1.589980863054221572e+03
7.000000000000000000e+00 -1.575625291182737101e+03
7.000000000000000000e+00 -1.570829349966564678e+03
7.000000000000000000e+00 -1.546882520106784796e+03
7.000000000000000000e+00 -1.514826343113281837e+03
7.000000000000000000e+00 -1.496309939000840586e+03
7.000000000000000000e+00 -1.479175426084356332e+03
7.000000000000000000e+00 -1.457602429360316592e+03
7.000000000000000000e+00 -1.455623198908601125e+03
7.000000000000000000e+00 -1.410668466530342812e+03
7.000000000000000000e+00 -1.359906959822290673e+03
7.000000000000000000e+00 -1.346267897733296195e+03
7.000000000000000000e+00 -1.329341613812057858e+03
7.000000000000000000e+00 -1.309398641990594115e+03
7.000000000000000000e+00 -1.293241490233662034e+03
7.000000000000000000e+00 -1.278554497990600339e+03
7.000000000000000000e+00 -1.246297120391913495e+03
7.000000000000000000e+00 -1.236939909520457149e+03
7.000000000000000000e+00 -1.220784651521180422e+03
7.000000000000000000e+00 -1.217220976666934121e+03
7.000000000000000000e+00 -1.200782014409625617e+03
7.000000000000000000e+00 -1.185763793486468330e+03
7.000000000000000000e+00 -1.184551034215490063e+03
7.000000000000000000e+00 -1.165380421978328741e+03
7.000000000000000000e+00 -1.155442870989341600e+03
7.000000000000000000e+00 -1.155354464725406160e+03
7.000000000000000000e+00 -1.147712033483696132e+03
2.000000000000000000e+00 -3.758674050561258355e+03
2.000000000000000000e+00 -3.611807888400160209e+03
2.000000000000000000e+00 -3.463648740598375753e+03
2.000000000000000000e+00 -3.325173592500351333e+03
2.000000000000000000e+00 -3.263833959424097429e+03
2.000000000000000000e+00 -3.132405905979238014e+03
2.000000000000000000e+00 -3.117484608367963119e+03
2.000000000000000000e+00 -2.985166378800078292e+03
2.000000000000000000e+00 -2.952694560161281515e+03
2.000000000000000000e+00 -2.927109829888653621e+03
2.000000000000000000e+00 -2.918745980596006120e+03
2.000000000000000000e+00 -2.892748078449199966e+03
2.000000000000000000e+00 -2.839836677606867397e+03
2.000000000000000000e+00 -2.810971732359903399e+03
2.000000000000000000e+00 -2.796564102203406492e+03
2.000000000000000000e+00 -2.763068899006509128e+03
2.000000000000000000e+00 -2.737276301558266823e+03
2.000000000000000000e+00 -2.731389063789726151e+03
2.000000000000000000e+00 -2.720426149774519672e+03
2.000000000000000000e+00 -2.709548267535780724e+03
2.000000000000000000e+00 -2.689708189705776931e+03
2.000000000000000000e+00 -2.678974796053434147e+03
2.000000000000000000e+00 -2.647760891785822423e+03
2.000000000000000000e+00 -2.616599666572018577e+03
2.000000000000000000e+00 -2.600990636153831019e+03
2.000000000000000000e+00 -2.600142148799658571e+03
2.000000000000000000e+00 -2.569928101290498489e+03
2.000000000000000000e+00 -2.565576714006650946e+03
2.000000000000000000e+00 -2.555253883566441800e+03
2.000000000000000000e+00 -2.544679298064150771e+03
2.000000000000000000e+00 -2.523917776483180205e+03
2.000000000000000000e+00 -2.502175375337945752e+03
2.000000000000000000e+00 -2.493626192297866510e+03
2.000000000000000000e+00 -2.472923369541420016e+03
2.000000000000000000e+00 -2.472331154503152902e+03
2.000000000000000000e+00 -2.456838364188778087e+03
2.000000000000000000e+00 -2.454114813158655124e+03
2.000000000000000000e+00 -2.449222850909623048e+03
2.000000000000000000e+00 -2.447458242583336869e+03
2.000000000000000000e+00 -2.413426586571494227e+03
3.000000000000000000e+00 -3.625075720181249380e+03
3.000000000000000000e+00 -3.449961089397975684e+03
3.000000000000000000e+00 -3.264830346738771823e+03
3.000000000000000000e+00 -2.986505777342970305e+03
3.000000000000000000e+00 -2.952967467886010581e+03
3.000000000000000000e+00 -2.923128914267345863e+03
3.000000000000000000e+00 -2.819421384028229568e+03
3.000000000000000000e+00 -2.811202817881475767e+03
3.000000000000000000e+00 -2.790589515300539460e+03
3.000000000000000000e+00 -2.748498713545649935e+03
3.000000000000000000e+00 -2.740085158368993234e+03
3.000000000000000000e+00 -2.734585029746322562e+03
3.000000000000000000e+00 -2.718651718554306171e+03
3.000000000000000000e+00 -2.686285018106889765e+03
3.000000000000000000e+00 -2.634776693954229358e+03
3.000000000000000000e+00 -2.615373902008610912e+03
3.000000000000000000e+00 -2.592398321196875258e+03
3.000000000000000000e+00 -2.570416696628768022e+03
3.000000000000000000e+00 -2.569942221355742277e+03
3.000000000000000000e+00 -2.528555935933129604e+03
3.000000000000000000e+00 -2.501766327147354787e+03
3.000000000000000000e+00 -2.470058931759672305e+03
3.000000000000000000e+00 -2.469613301847752155e+03
3.000000000000000000e+00 -2.451067864296042444e+03
3.000000000000000000e+00 -2.445197557769578452e+03
3.000000000000000000e+00 -2.419027772663560881e+03
3.000000000000000000e+00 -2.417985225319837355e+03
3.000000000000000000e+00 -2.402388912348687882e+03
3.000000000000000000e+00 -2.374724992999083497e+03
3.000000000000000000e+00 -2.367213013931379919e+03
3.000000000000000000e+00 -2.365315310613056681e+03
3.000000000000000000e+00 -2.356986515560561202e+03
3.000000000000000000e+00 -2.338152594333942488e+03
3.000000000000000000e+00 -2.331995836703549685e+03
3.000000000000000000e+00 -2.313096472762302710e+03
3.000000000000000000e+00 -2.308082751599710264e+03
3.000000000000000000e+00 -2.299149069138341474e+03
3.000000000000000000e+00 -2.276691255527332487e+03
9.000000000000000000e+00 -1.468667932868963589e+03
9.000000000000000000e+00 -1.320789595289219960e+03
9.000000000000000000e+00 -1.187629050095914636e+03
9.000000000000000000e+00 -1.116788308212180937e+03
9.000000000000000000e+00 -1.030756197361427667e+03
9.000000000000000000e+00 -7.186074126055412989e+02
9.000000000000000000e+00 -6.454161467114754487e+02
9.000000000000000000e+00 -6.091480038422839698e+02
9.000000000000000000e+00 -4.298023150329678401e+02
9.000000000000000000e+00 -3.707846574042217753e+02
9.000000000000000000e+00 -2.947590732170545493e+02
9.000000000000000000e+00 -2.162552485250326129e+02
9.000000000000000000e+00 -1.876289349947330152e+02
9.000000000000000000e+00 -1.199886850949073960e+02
9.000000000000000000e+00 -2.406645226819825467e+01
9.000000000000000000e+00 1.861536912850875680e+01
9.000000000000000000e+00 1.151455757409279244e+02
9.000000000000000000e+00 2.215357758546882394e+02
5.000000000000000000e+00 -3.124213006632093766e+03
5.000000000000000000e+00 -2.911571405401701668e+03
5.000000000000000000e+00 -2.757260080173709866e+03
5.000000000000000000e+00 -2.697673591737045172e+03
5.000000000000000000e+00 -2.595900891519190282e+03
5.000000000000000000e+00 -2.563542983053369426e+03
5.000000000000000000e+00 -2.414987620027774938e+03
5.000000000000000000e+00 -2.391668629739949665e+03
5.000000000000000000e+00 -2.375457010722992436e+03
5.000000000000000000e+00 -2.371616777944942442e+03
5.000000000000000000e+00 -2.352655023893472389e+03
5.000000000000000000e+00 -2.286119721970364935e+03
5.000000000000000000e+00 -2.285254288055250072e+03
5.000000000000000000e+00 -2.268890421461121150e+03
5.000000000000000000e+00 -2.246783422103278554e+03
5.000000000000000000e+00 -2.202591295296505450e+03
5.000000000000000000e+00 -2.173426676135264188e+03
5.000000000000000000e+00 -2.161565586137568516e+03
5.000000000000000000e+00 -2.153563790628933475e+03
5.000000000000000000e+00 -2.104630731446962272e+03
5.000000000000000000e+00 -2.096464975764790779e+03
5.000000000000000000e+00 -2.080401602409360748e+03
5.000000000000000000e+00 -2.080025784371142890e+03
5.000000000000000000e+00 -2.030752219533696689e+03
5.000000000000000000e+00 -2.003471128748351020e+03
5.000000000000000000e+00 -1.988548887975973230e+03
5.000000000000000000e+00 -1.940546390473985184e+03
5.000000000000000000e+00 -1.938624757328126407e+03
5.000000000000000000e+00 -1.924496682833651221e+03
5.000000000000000000e+00 -1.920601851360695719e+03
5.000000000000000000e+00 -1.916627696592823668e+03
5.000000000000000000e+00 -1.912631785083810200e+03
5.000000000000000000e+00 -1.902253673447681422e+03
5.000000000000000000e+00 -1.883873845374714392e+03
5.000000000000000000e+00 -1.874593381061547689e+03
5.000000000000000000e+00 -1.863167150814447496e+03
5.000000000000000000e+00 -1.844250553924293854e+03
5.000000000000000000e+00 -1.830424698243913326e+03
5.000000000000000000e+00 -1.804309446169604144e+03
5.000000000000000000e+00 -1.800883725698507078e+03
1.000000000000000000e+01 -1.241053394111786019e+03
1.000000000000000000e+01 -8.687937556172039422e+02
1.000000000000000000e+01 -6.617111058679697635e+02
1.000000000000000000e+01 -4.328058368723965827e+02
1.000000000000000000e+01 -3.786339674615522313e+02
1.000000000000000000e+01 -2.238478826256115042e+02
1.000000000000000000e+01 -1.464853209165703731e+02
1.000000000000000000e+01 2.406182307265054732e+01
1.000000000000000000e+01 2.425395364004388910e+02
6.000000000000000000e+00 -2.932216037623581542e+03
6.000000000000000000e+00 -2.767833800830151176e+03
6.000000000000000000e+00 -2.521945474471931448e+03
6.000000000000000000e+00 -2.463010631664617449e+03
6.000000000000000000e+00 -2.375737990530250045e+03
6.000000000000000000e+00 -2.334435206646172446e+03
6.000000000000000000e+00 -2.270674041909094740e+03
6.000000000000000000e+00 -2.196028551796987813e+03
6.000000000000000000e+00 -2.166896429513575185e+03
6.000000000000000000e+00 -2.102608590702641777e+03
6.000000000000000000e+00 -2.050251271069848826e+03
6.000000000000000000e+00 -2.030475420753685285e+03
6.000000000000000000e+00 -1.997981996595871806e+03
6.000000000000000000e+00 -1.982604132317306949e+03
6.000000000000000000e+00 -1.982600063146598131e+03
6.000000000000000000e+00 -1.953659220205544443e+03
6.000000000000000000e+00 -1.903287504026214037e+03
6.000000000000000000e+00 -1.886010421041166637e+03
6.000000000000000000e+00 -1.850785698103340792e+03
6.000000000000000000e+00 -1.841487936847565834e+03
6.000000000000000000e+00 -1.820627691310960245e+03
6.000000000000000000e+00 -1.818658956995855533e+03
6.000000000000000000e+00 -1.798709154779164010e+03
6.000000000000000000e+00 -1.779847388516485353e+03
6.000000000000000000e+00 -1.769587453756148079e+03
6.000000000000000000e+00 -1.763824066600578362e+03
6.000000000000000000e+00 -1.748723562080453576e+03
6.000000000000000000e+00 -1.713105696978353990e+03
6.000000000000000000e+00 -1.690832219842503719e+03
6.000000000000000000e+00 -1.672434285383491442e+03
6.000000000000000000e+00 -1.645087794609237335e+03
6.000000000000000000e+00 -1.627915258728045956e+03
6.000000000000000000e+00 -1.618198692440163313e+03
6.000000000000000000e+00 -1.607845209405036712e+03
6.000000000000000000e+00 -1.584160918382732461e+03
6.000000000000000000e+00 -1.572229381359644321e+03
6.000000000000000000e+00 -1.572083928750953191e+03
6.000000000000000000e+00 -1.554865998147537312e+03
6.000000000000000000e+00 -1.546955049361734382e+03
6.000000000000000000e+00 -1.537731722086624359e+03
8.000000000000000000e+00 -2.227558537423492453e+03
8.000000000000000000e+00 -2.038489981334920458e+03
8.000000000000000000e+00 -1.855634645525836277e+03
8.000000000000000000e+00 -1.788835635629439139e+03
8.000000000000000000e+00 -1.714723146199035682e+03
8.000000000000000000e+00 -1.609493273297365931e+03
8.000000000000000000e+00 -1.556607802199056550e+03
8.000000000000000000e+00 -1.529078487184573987e+03
8.000000000000000000e+00 -1.487960727502779037e+03
8.000000000000000000e+00 -1.416711837559066453e+03
8.000000000000000000e+00 -1.328799215520621601e+03
8.000000000000000000e+00 -1.287863622576792068e+03
8.000000000000000000e+00 -1.270239494572147350e+03
8.000000000000000000e+00 -1.223308789932836135e+03
8.000000000000000000e+00 -1.208727423228581983e+03
8.000000000000000000e+00 -1.135855330879356416e+03
8.000000000000000000e+00 -1.116163817221742875e+03
8.000000000000000000e+00 -1.040097229307970338e+03
8.000000000000000000e+00 -1.002372396275270717e+03
8.000000000000000000e+00 -1.002104165277314564e+03
8.000000000000000000e+00 -9.091333375629433249e+02
8.000000000000000000e+00 -8.849304885539004317e+02
8.000000000000000000e+00 -8.671145740815088629e+02
8.000000000000000000e+00 -8.619255304742689532e+02
8.000000000000000000e+00 -8.362871727689171166e+02
8.000000000000000000e+00 -8.205573958548613973e+02
8.000000000000000000e+00 -8.147827446566046774e+02
8.000000000000000000e+00 -7.739226247747305933e+02
8.000000000000000000e+00 -7.512512141086466499e+02
8.000000000000000000e+00 -7.375626811655253050e+02
8.000000000000000000e+00 -7.118439787249438950e+02
8.000000000000000000e+00 -6.821546645495481016e+02
8.000000000000000000e+00 -6.650458911181755184e+02
8.000000000000000000e+00 -6.244370006494610834e+02
8.000000000000000000e+00 -5.980859051548442267e+02
8.000000000000000000e+00 -5.490814185690060185e+02
8.000000000000000000e+00 -5.434197399292821729e+02
8.000000000000000000e+00 -5.149240785233064344e+02
8.000000000000000000e+00 -4.961608617324408783e+02
8.000000000000000000e+00 -4.871860078664877847e+02
1.000000000000000000e+00 -3.759590304587651644e+03
1.000000000000000000e+00 -3.478936744434453431e+03
1.000000000000000000e+00 -3.426085249758372356e+03
1.000000000000000000e+00 -3.324566587399001037e+03
1.000000000000000000e+00 -3.297548198230052094e+03
1.000000000000000000e+00 -3.129824426726983802e+03
1.000000000000000000e+00 -3.079710426407601972e+03
1.000000000000000000e+00 -3.057361172684495614e+03
1.000000000000000000e+00 -2.983976395025194051e+03
1.000000000000000000e+00 -2.961207651098743099e+03
1.000000000000000000e+00 -2.909503821229100140e+03
1.000000000000000000e+00 -2.891349780485561951e+03
1.000000000000000000e+00 -2.889313021223998021e+03
1.000000000000000000e+00 -2.857366657580615083e+03
1.000000000000000000e+00 -2.808431420850946779e+03
1.000000000000000000e+00 -2.804761758823869513e+03
1.000000000000000000e+00 -2.774394591134993789e+03
1.000000000000000000e+00 -2.768036301940529484e+03
1.000000000000000000e+00 -2.763849967865850886e+03
1.000000000000000000e+00 -2.741797512090945020e+03
1.000000000000000000e+00 -2.725148732907970043e+03
1.000000000000000000e+00 -2.718131654252186763e+03
1.000000000000000000e+00 -2.688150915555079337e+03
1.000000000000000000e+00 -2.674992680330211897e+03
1.000000000000000000e+00 -2.667579978655875948e+03
1.000000000000000000e+00 -2.651916334071428537e+03
1.000000000000000000e+00 -2.632279550279591604e+03
1.000000000000000000e+00 -2.624566105294342378e+03
1.000000000000000000e+00 -2.591690386999973725e+03
1.000000000000000000e+00 -2.578339469247903253e+03
1.000000000000000000e+00 -2.565882579160264868e+03
1.000000000000000000e+00 -2.559133593613838002e+03
1.000000000000000000e+00 -2.550917443551815722e+03
1.000000000000000000e+00 -2.547811795712027106e+03
1.000000000000000000e+00 -2.535165521013516354e+03
1.000000000000000000e+00 -2.520436050720107232e+03
1.000000000000000000e+00 -2.515953750304220193e+03
1.000000000000000000e+00 -2.515306627594244674e+03
1.000000000000000000e+00 -2.505172116633196765e+03
1.000000000000000000e+00 -2.497150042209441835e+03
4.000000000000000000e+00 -3.480034549848411189e+03
4.000000000000000000e+00 -3.427222416877200430e+03
4.000000000000000000e+00 -3.297857396645549670e+03
4.000000000000000000e+00 -3.056134882409530292e+03
4.000000000000000000e+00 -2.910091771086876633e+03
4.000000000000000000e+00 -2.848285565248064358e+03
4.000000000000000000e+00 -2.811792347016934855e+03
4.000000000000000000e+00 -2.776378927963885872e+03
4.000000000000000000e+00 -2.747818006742672878e+03
4.000000000000000000e+00 -2.739124076040502132e+03
4.000000000000000000e+00 -2.679284990228614788e+03
4.000000000000000000e+00 -2.643498679625292880e+03
4.000000000000000000e+00 -2.583598212595277346e+03
4.000000000000000000e+00 -2.569203432158899432e+03
4.000000000000000000e+00 -2.542575732521259852e+03
4.000000000000000000e+00 -2.526158308103028048e+03
4.000000000000000000e+00 -2.507437561619131884e+03
4.000000000000000000e+00 -2.495469368604362444e+03
4.000000000000000000e+00 -2.464287684383868964e+03
4.000000000000000000e+00 -2.461341168179592842e+03
4.000000000000000000e+00 -2.442727726422572687e+03
4.000000000000000000e+00 -2.416958676236543397e+03
4.000000000000000000e+00 -2.364170327232855925e+03
4.000000000000000000e+00 -2.347859575521624720e+03
4.000000000000000000e+00 -2.318459326616798080e+03
4.000000000000000000e+00 -2.279226016308547059e+03
4.000000000000000000e+00 -2.268755272303369111e+03
4.000000000000000000e+00 -2.252223261142508818e+03
4.000000000000000000e+00 -2.227025224194179373e+03
4.000000000000000000e+00 -2.207962265476307493e+03
4.000000000000000000e+00 -2.197499674814554965e+03
4.000000000000000000e+00 -2.183076411283245761e+03
4.000000000000000000e+00 -2.168951151608350301e+03
4.000000000000000000e+00 -2.165562552905004395e+03
4.000000000000000000e+00 -2.147558455465737097e+03
