-0.000000000000000000e+00 -1.455012250988293317e+03
-0.000000000000000000e+00 -1.437670292244035409e+03
-0.000000000000000000e+00 -1.296446300036600860e+03
-0.000000000000000000e+00 -1.252378158401396149e+03
-0.000000000000000000e+00 -1.230127801214962346e+03
-0.000000000000000000e+00 -1.226601312621420675e+03
-0.000000000000000000e+00 -1.217967386534141497e+03
-0.000000000000000000e+00 -1.199193840989438058e+03
-0.000000000000000000e+00 -1.190664004139673352e+03
-0.000000000000000000e+00 -1.186195064895936412e+03
-0.000000000000000000e+00 -1.077594714890972909e+03
-0.000000000000000000e+00 -1.051678042829089009e+03
-0.000000000000000000e+00 -1.046273783864867255e+03
-0.000000000000000000e+00 -1.035122384244175919e+03
-0.000000000000000000e+00 -1.031930165771749216e+03
-0.000000000000000000e+00 -1.028962727297795709e+03
-0.000000000000000000e+00 -1.025690280656217965e+03
-0.000000000000000000e+00 -1.021613759654892306e+03
-0.000000000000000000e+00 -1.021613759654890714e+03
-0.000000000000000000e+00 -1.020905355439731466e+03
-0.000000000000000000e+00 -1.015667188620682964e+03
-0.000000000000000000e+00 -1.009569168346920492e+03
-0.000000000000000000e+00 -1.007030048711204813e+03
-0.000000000000000000e+00 -9.998776864052463225e+02
-0.000000000000000000e+00 -9.995458061721079730e+02
-0.000000000000000000e+00 -9.966757150455619012e+02
-0.000000000000000000e+00 -9.966757150455605370e+02
-0.000000000000000000e+00 -9.934924749802006545e+02
-0.000000000000000000e+00 -9.905117822302677268e+02
-0.000000000000000000e+00 -9.862070351147169731e+02
-0.000000000000000000e+00 -9.825120680847911672e+02
-0.000000000000000000e+00 -9.820645181419803293e+02
-0.000000000000000000e+00 -9.784051715106992333e+02
-0.000000000000000000e+00 -9.775968504422538672e+02
-0.000000000000000000e+00 -9.751088303997861431e+02
-0.000000000000000000e+00 -9.712619938996559767e+02
-0.000000000000000000e+00 -9.653000423801927354e+02
-0.000000000000000000e+00 -9.653000423801913712e+02
-0.000000000000000000e+00 -9.640140799150212843e+02
-0.000000000000000000e+00 -9.623789629450402572e+02
1.100000000000000000e+01 0.000000000000000000e+00
7.000000000000000000e+00 -9.834816058804309478e+02
7.000000000000000000e+00 -7.853787352844516363e+02
7.000000000000000000e+00 -7.655582594850920941e+02
7.000000000000000000e+00 -7.370982321318994082e+02
7.000000000000000000e+00 -7.277843344731572870e+02
7.000000000000000000e+00 -7.201663915292823503e+02
7.000000000000000000e+00 -7.171061289637398204e+02
7.000000000000000000e+00 -5.902416896175525380e+02
7.000000000000000000e+00 -5.726388689176930029e+02
7.000000000000000000e+00 -5.658222529922733202e+02
7.000000000000000000e+00 -5.612186229129765707e+02
7.000000000000000000e+00 -5.427601063949189211e+02
7.000000000000000000e+00 -5.382433039937353669e+02
7.000000000000000000e+00 -5.284397479074375497e+02
7.000000000000000000e+00 -5.277457670553648086e+02
7.000000000000000000e+00 -5.200085954365438283e+02
7.000000000000000000e+00 -5.198703785789064113e+02
7.000000000000000000e+00 -5.159900675796750420e+02
7.000000000000000000e+00 -5.117678251738324207e+02
7.000000000000000000e+00 -5.078962540331617674e+02
7.000000000000000000e+00 -5.026670392143198569e+02
7.000000000000000000e+00 -4.987948528045094463e+02
7.000000000000000000e+00 -4.944484211141214018e+02
7.000000000000000000e+00 -4.934928633176014614e+02
7.000000000000000000e+00 -4.743549980761559368e+02
7.000000000000000000e+00 -4.698730058417266946e+02
7.000000000000000000e+00 -4.696408676169252203e+02
7.000000000000000000e+00 -3.998421606690371277e+02
7.000000000000000000e+00 -3.601471050740794340e+02
7.000000000000000000e+00 -3.553778155032636050e+02
7.000000000000000000e+00 -3.508867621780060517e+02
7.000000000000000000e+00 -3.489553598244044679e+02
7.000000000000000000e+00 -3.386428977983295567e+02
7.000000000000000000e+00 -3.271516350687658701e+02
7.000000000000000000e+00 -3.252807444932343515e+02
7.000000000000000000e+00 -3.128180537963390293e+02
7.000000000000000000e+00 -3.110590640879212287e+02
7.000000000000000000e+00 -3.107968551843962928e+02
7.000000000000000000e+00 -3.061201711555704037e+02
7.000000000000000000e+00 -3.041941150623330259e+02
2.000000000000000000e+00 -1.442987484622142119e+03
2.000000000000000000e+00 -1.244685014021371444e+03
2.000000000000000000e+00 -1.226595903293522952e+03
2.000000000000000000e+00 -1.224657973405168605e+03
2.000000000000000000e+00 -1.214744563554912475e+03
2.000000000000000000e+00 -1.196273023423772429e+03
2.000000000000000000e+00 -1.179352428664001764e+03
2.000000000000000000e+00 -1.058320673155434179e+03
2.000000000000000000e+00 -1.050008536258176719e+03
2.000000000000000000e+00 -1.032208200135058405e+03
2.000000000000000000e+00 -1.028492870643770402e+03
2.000000000000000000e+00 -1.025059391225729314e+03
2.000000000000000000e+00 -1.022166782671073747e+03
2.000000000000000000e+00 -1.016362481245515255e+03
2.000000000000000000e+00 -1.008492219423512893e+03
2.000000000000000000e+00 -1.002485868015313827e+03
2.000000000000000000e+00 -1.001582375016004789e+03
2.000000000000000000e+00 -9.978877528114039706e+02
2.000000000000000000e+00 -9.966338592402620407e+02
2.000000000000000000e+00 -9.877671748677317964e+02
2.000000000000000000e+00 -9.875350520330781592e+02
2.000000000000000000e+00 -9.841425569873711083e+02
2.000000000000000000e+00 -9.792889370153664004e+02
2.000000000000000000e+00 -9.791007333844461300e+02
2.000000000000000000e+00 -9.789807721331642369e+02
2.000000000000000000e+00 -9.753267358469132660e+02
2.000000000000000000e+00 -9.713548192472693472e+02
2.000000000000000000e+00 -9.682960116354848878e+02
2.000000000000000000e+00 -9.664655460896144632e+02
2.000000000000000000e+00 -9.649352837092199024e+02
2.000000000000000000e+00 -9.619616381854365272e+02
2.000000000000000000e+00 -9.574982781326418717e+02
2.000000000000000000e+00 -9.532293937131172470e+02
2.000000000000000000e+00 -9.524578064436252589e+02
2.000000000000000000e+00 -9.332529434291915322e+02
2.000000000000000000e+00 -8.764734151174446879e+02
2.000000000000000000e+00 -8.599218015409963982e+02
2.000000000000000000e+00 -8.413351967980395330e+02
2.000000000000000000e+00 -8.319022859330183337e+02
2.000000000000000000e+00 -8.227131041896811894e+02
3.000000000000000000e+00 -1.226714523728003996e+03
3.000000000000000000e+00 -1.217803470815731998e+03
3.000000000000000000e+00 -1.214790744397176468e+03
3.000000000000000000e+00 -1.188645406706996027e+03
3.000000000000000000e+00 -1.058766420033058694e+03
3.000000000000000000e+00 -1.034064357595512092e+03
3.000000000000000000e+00 -1.028769543618416492e+03
3.000000000000000000e+00 -1.021807135759617495e+03
3.000000000000000000e+00 -1.016528213283185096e+03
3.000000000000000000e+00 -1.012033298722454902e+03
3.000000000000000000e+00 -1.008434546861901595e+03
3.000000000000000000e+00 -9.967861612657543446e+02
3.000000000000000000e+00 -9.832952145090059730e+02
3.000000000000000000e+00 -9.809284890763224212e+02
3.000000000000000000e+00 -9.788349368096442049e+02
3.000000000000000000e+00 -9.683491058701243901e+02
3.000000000000000000e+00 -9.663911712992202183e+02
3.000000000000000000e+00 -9.656117059571730579e+02
3.000000000000000000e+00 -9.653873193370867511e+02
3.000000000000000000e+00 -9.604229932159247483e+02
3.000000000000000000e+00 -9.576229679095770280e+02
3.000000000000000000e+00 -9.516818102684568430e+02
3.000000000000000000e+00 -9.449121469917082550e+02
3.000000000000000000e+00 -8.764828975933652373e+02
3.000000000000000000e+00 -8.340460432196697411e+02
3.000000000000000000e+00 -8.319219898907862216e+02
3.000000000000000000e+00 -8.231398495419992969e+02
3.000000000000000000e+00 -8.166309434965594392e+02
3.000000000000000000e+00 -8.104261375683012147e+02
3.000000000000000000e+00 -8.056261608456250087e+02
3.000000000000000000e+00 -8.051414030381801012e+02
3.000000000000000000e+00 -8.030271639795060992e+02
3.000000000000000000e+00 -8.014021073145836453e+02
3.000000000000000000e+00 -7.995793679485946086e+02
3.000000000000000000e+00 -7.954953031470112137e+02
3.000000000000000000e+00 -7.921367404515822273e+02
3.000000000000000000e+00 -7.894427543456904459e+02
3.000000000000000000e+00 -7.888192886932926058e+02
3.000000000000000000e+00 -7.874246783491704491e+02
9.000000000000000000e+00 -5.323472690180303744e+02
9.000000000000000000e+00 -5.048969644104186614e+02
9.000000000000000000e+00 -3.031042804538770952e+02
9.000000000000000000e+00 -2.866469953476247952e+02
9.000000000000000000e+00 -2.636311619260485486e+02
9.000000000000000000e+00 -2.385147630907566167e+02
9.000000000000000000e+00 -1.059555716746967278e+02
9.000000000000000000e+00 -7.853851407964918963e+01
9.000000000000000000e+00 -5.911261223934472042e+01
9.000000000000000000e+00 -3.338329690906548564e+01
9.000000000000000000e+00 -2.737236484881016096e+01
9.000000000000000000e+00 -1.426812317191436463e+01
9.000000000000000000e+00 1.481817888069193430e+02
9.000000000000000000e+00 1.698818312867480529e+02
9.000000000000000000e+00 1.915174581547279899e+02
9.000000000000000000e+00 2.085524052796355363e+02
9.000000000000000000e+00 3.689847276751391973e+02
9.000000000000000000e+00 3.980084451670656449e+02
5.000000000000000000e+00 -1.022405990606582918e+03
5.000000000000000000e+00 -9.963853382399480552e+02
5.000000000000000000e+00 -9.955143096165224961e+02
5.000000000000000000e+00 -9.780071157288714403e+02
5.000000000000000000e+00 -9.651734067147539236e+02
5.000000000000000000e+00 -9.581527216525214499e+02
5.000000000000000000e+00 -9.443474029940009586e+02
5.000000000000000000e+00 -8.362969145303333107e+02
5.000000000000000000e+00 -8.070287938930887321e+02
5.000000000000000000e+00 -8.050337180909525614e+02
5.000000000000000000e+00 -7.932089312400647714e+02
5.000000000000000000e+00 -7.931382647435159470e+02
5.000000000000000000e+00 -7.829204484900344596e+02
5.000000000000000000e+00 -7.805538515250539149e+02
5.000000000000000000e+00 -7.700065287920944002e+02
5.000000000000000000e+00 -7.665355911327615104e+02
5.000000000000000000e+00 -7.664291653415172050e+02
5.000000000000000000e+00 -7.588414927655818474e+02
5.000000000000000000e+00 -7.582619771616375601e+02
5.000000000000000000e+00 -7.481546443998419136e+02
5.000000000000000000e+00 -7.481248334775958710e+02
5.000000000000000000e+00 -7.444837678552280522e+02
5.000000000000000000e+00 -7.423518576069261599e+02
5.000000000000000000e+00 -7.391156139189564556e+02
5.000000000000000000e+00 -7.390626058279174231e+02
5.000000000000000000e+00 -7.388989862417066661e+02
5.000000000000000000e+00 -7.314987238229921331e+02
5.000000000000000000e+00 -7.313373482556092995e+02
5.000000000000000000e+00 -7.270079944617716592e+02
5.000000000000000000e+00 -7.220092034049699805e+02
5.000000000000000000e+00 -7.120041179942768395e+02
5.000000000000000000e+00 -7.016158585840473734e+02
5.000000000000000000e+00 -6.999415652793270510e+02
5.000000000000000000e+00 -6.267389995320232856e+02
5.000000000000000000e+00 -6.170415192089300263e+02
5.000000000000000000e+00 -5.923204054725345031e+02
5.000000000000000000e+00 -5.923138416718220469e+02
5.000000000000000000e+00 -5.868350036924728101e+02
5.000000000000000000e+00 -5.854643145538657336e+02
5.000000000000000000e+00 -5.803948792466217128e+02
1.000000000000000000e+01 -4.857242593796122492e+02
1.000000000000000000e+01 -2.896403707080688719e+02
1.000000000000000000e+01 -2.415708298758476644e+02
1.000000000000000000e+01 -8.912400505926905225e+01
1.000000000000000000e+01 -3.116999092265009352e+01
1.000000000000000000e+01 -2.381117073540564633e+01
1.000000000000000000e+01 1.654488140438522237e+02
1.000000000000000000e+01 2.047376860841852420e+02
1.000000000000000000e+01 4.127279825528157744e+02
6.000000000000000000e+00 -9.964008746022196874e+02
6.000000000000000000e+00 -9.835885853360672400e+02
6.000000000000000000e+00 -9.581496097949294608e+02
6.000000000000000000e+00 -8.012167626865780221e+02
6.000000000000000000e+00 -7.927647026077130477e+02
6.000000000000000000e+00 -7.914617243158073734e+02
6.000000000000000000e+00 -7.852365996661145573e+02
6.000000000000000000e+00 -7.697370731616686044e+02
6.000000000000000000e+00 -7.655256382701452367e+02
6.000000000000000000e+00 -7.518535536813201361e+02
6.000000000000000000e+00 -7.484684445284133290e+02
6.000000000000000000e+00 -7.370727867473377728e+02
6.000000000000000000e+00 -7.342605266849747068e+02
6.000000000000000000e+00 -7.281384334235399365e+02
6.000000000000000000e+00 -7.229931506534959453e+02
6.000000000000000000e+00 -7.201673074815853397e+02
6.000000000000000000e+00 -7.111840069902946198e+02
6.000000000000000000e+00 -6.271062424788336784e+02
6.000000000000000000e+00 -5.902972344678353238e+02
6.000000000000000000e+00 -5.876820895032221870e+02
6.000000000000000000e+00 -5.797467159695014516e+02
6.000000000000000000e+00 -5.767378027380043477e+02
6.000000000000000000e+00 -5.649469735941700037e+02
6.000000000000000000e+00 -5.640374616551900999e+02
6.000000000000000000e+00 -5.522343662858705784e+02
6.000000000000000000e+00 -5.512378713899237255e+02
6.000000000000000000e+00 -5.486058996809837254e+02
6.000000000000000000e+00 -5.415051971788724359e+02
6.000000000000000000e+00 -5.402453418447887543e+02
6.000000000000000000e+00 -5.384346275393797896e+02
6.000000000000000000e+00 -5.367297477347503900e+02
6.000000000000000000e+00 -5.320079752435580076e+02
6.000000000000000000e+00 -5.285411898060532394e+02
6.000000000000000000e+00 -5.277031131108434465e+02
6.000000000000000000e+00 -5.268094847933842857e+02
6.000000000000000000e+00 -5.259991611293343112e+02
6.000000000000000000e+00 -5.258388185817591420e+02
6.000000000000000000e+00 -5.205557285069648970e+02
6.000000000000000000e+00 -5.168919204581914073e+02
6.000000000000000000e+00 -5.114621474404787023e+02
8.000000000000000000e+00 -7.586809992874144655e+02
8.000000000000000000e+00 -7.295899919074370246e+02
8.000000000000000000e+00 -5.745152051141466245e+02
8.000000000000000000e+00 -5.527370528792304185e+02
8.000000000000000000e+00 -5.265043201829765849e+02
8.000000000000000000e+00 -5.218420780386668412e+02
8.000000000000000000e+00 -5.063286301247986216e+02
8.000000000000000000e+00 -5.013065002802669028e+02
8.000000000000000000e+00 -4.927559347078685619e+02
8.000000000000000000e+00 -4.856202710712566954e+02
8.000000000000000000e+00 -4.687183093682992308e+02
8.000000000000000000e+00 -3.748070319932301118e+02
8.000000000000000000e+00 -3.405972381900028267e+02
8.000000000000000000e+00 -3.395996003328633606e+02
8.000000000000000000e+00 -3.305034153847161633e+02
8.000000000000000000e+00 -3.056603716564068236e+02
8.000000000000000000e+00 -3.023349615776415931e+02
8.000000000000000000e+00 -2.942804196160538481e+02
8.000000000000000000e+00 -2.909652330075085729e+02
8.000000000000000000e+00 -2.810909147057649307e+02
8.000000000000000000e+00 -2.771871692203891939e+02
8.000000000000000000e+00 -2.647635857337112384e+02
8.000000000000000000e+00 -2.594975490720196944e+02
8.000000000000000000e+00 -2.582876506390308009e+02
8.000000000000000000e+00 -2.452947473607316340e+02
8.000000000000000000e+00 -2.399965785123185924e+02
8.000000000000000000e+00 -2.320851853650611361e+02
8.000000000000000000e+00 -1.290052711355023973e+02
8.000000000000000000e+00 -1.233839994940837812e+02
8.000000000000000000e+00 -1.176335605252691039e+02
8.000000000000000000e+00 -1.015834876384986387e+02
8.000000000000000000e+00 -9.539568062999947529e+01
8.000000000000000000e+00 -9.097713862312764377e+01
8.000000000000000000e+00 -8.282588600074286944e+01
8.000000000000000000e+00 -7.995465736115875188e+01
8.000000000000000000e+00 -7.681248037997669087e+01
8.000000000000000000e+00 -7.680564601255495916e+01
8.000000000000000000e+00 -7.052322094369810657e+01
8.000000000000000000e+00 -4.937189861074639197e+01
8.000000000000000000e+00 -4.644332063430559998e+01
1.000000000000000000e+00 -1.443094248435923419e+03
1.000000000000000000e+00 -1.250674866595424646e+03
1.000000000000000000e+00 -1.244544247531754763e+03
1.000000000000000000e+00 -1.226189609403552367e+03
1.000000000000000000e+00 -1.224625611068487842e+03
1.000000000000000000e+00 -1.215997584823536044e+03
1.000000000000000000e+00 -1.196247493162565434e+03
1.000000000000000000e+00 -1.187400726792276828e+03
1.000000000000000000e+00 -1.179354907235601786e+03
1.000000000000000000e+00 -1.066029761749251975e+03
1.000000000000000000e+00 -1.050096392368637453e+03
1.000000000000000000e+00 -1.039281557765917341e+03
1.000000000000000000e+00 -1.024093607617654925e+03
1.000000000000000000e+00 -1.023837552542487288e+03
1.000000000000000000e+00 -1.010968001004721032e+03
1.000000000000000000e+00 -1.010502469280230684e+03
1.000000000000000000e+00 -1.008124239225564224e+03
1.000000000000000000e+00 -1.003505203725764204e+03
1.000000000000000000e+00 -1.002492353068795978e+03
1.000000000000000000e+00 -1.001707375582489476e+03
1.000000000000000000e+00 -9.998677443413348556e+02
1.000000000000000000e+00 -9.965242802122864987e+02
1.000000000000000000e+00 -9.934759884473522789e+02
1.000000000000000000e+00 -9.879241599007162904e+02
1.000000000000000000e+00 -9.876388307246012346e+02
1.000000000000000000e+00 -9.860895721254792079e+02
1.000000000000000000e+00 -9.798255079940399810e+02
1.000000000000000000e+00 -9.768314042101605992e+02
1.000000000000000000e+00 -9.760237943633131863e+02
1.000000000000000000e+00 -9.706619578092655729e+02
1.000000000000000000e+00 -9.688504503999425879e+02
1.000000000000000000e+00 -9.659560296383275499e+02
1.000000000000000000e+00 -9.652367529962600656e+02
1.000000000000000000e+00 -9.633948537168332678e+02
1.000000000000000000e+00 -9.611065516557578121e+02
1.000000000000000000e+00 -9.605268630222386719e+02
1.000000000000000000e+00 -9.574011780842448616e+02
1.000000000000000000e+00 -9.561292383966780335e+02
1.000000000000000000e+00 -9.512833441642444541e+02
1.000000000000000000e+00 -9.510158644953597786e+02
4.000000000000000000e+00 -1.226382779433427004e+03
4.000000000000000000e+00 -1.216282312471506430e+03
4.000000000000000000e+00 -1.066221125770880462e+03
4.000000000000000000e+00 -1.024043641105105053e+03
4.000000000000000000e+00 -1.009537360886634815e+03
4.000000000000000000e+00 -1.003996351502072798e+03
4.000000000000000000e+00 -1.001356874647443988e+03
4.000000000000000000e+00 -9.932834525356657878e+02
4.000000000000000000e+00 -9.911403870084679966e+02
4.000000000000000000e+00 -9.761350281673763902e+02
4.000000000000000000e+00 -9.662527970977320138e+02
4.000000000000000000e+00 -9.637063017506884535e+02
4.000000000000000000e+00 -9.609831479518257993e+02
4.000000000000000000e+00 -9.515412374039713086e+02
4.000000000000000000e+00 -8.512323894646825693e+02
4.000000000000000000e+00 -8.425463643450809741e+02
4.000000000000000000e+00 -8.234271210725934225e+02
4.000000000000000000e+00 -8.221064714847221921e+02
4.000000000000000000e+00 -8.101550743567337349e+02
4.000000000000000000e+00 -8.073691561305492996e+02
4.000000000000000000e+00 -8.056635732438173818e+02
4.000000000000000000e+00 -8.032796016448472756e+02
4.000000000000000000e+00 -7.975781192484704434e+02
4.000000000000000000e+00 -7.893960808480652531e+02
4.000000000000000000e+00 -7.846000185138418601e+02
4.000000000000000000e+00 -7.728875064876172019e+02
4.000000000000000000e+00 -7.663999679760390791e+02
4.000000000000000000e+00 -7.645319062931766894e+02
4.000000000000000000e+00 -7.623465175584791496e+02
4.000000000000000000e+00 -7.623247781577240403e+02
4.000000000000000000e+00 -7.595763687872238279e+02
4.000000000000000000e+00 -7.584255778657922065e+02
4.000000000000000000e+00 -7.535295405122130887e+02
4.000000000000000000e+00 -7.490035293900759825e+02
