-0.000000000000000000e+00 -1.837943182275956133e+03
-0.000000000000000000e+00 -1.815089349864535734e+03
-0.000000000000000000e+00 -1.782435515112226767e+03
-0.000000000000000000e+00 -1.622674093553303692e+03
-0.000000000000000000e+00 -1.575554515484191370e+03
-0.000000000000000000e+00 -1.564814372745573792e+03
-0.000000000000000000e+00 -1.540187623803436281e+03
-0.000000000000000000e+00 -1.535328621746348972e+03
-0.000000000000000000e+00 -1.473533665525146489e+03
-0.000000000000000000e+00 -1.456572148294780845e+03
-0.000000000000000000e+00 -1.438989405306161643e+03
-0.000000000000000000e+00 -1.431543902221547796e+03
-0.000000000000000000e+00 -1.422535739359455420e+03
-0.000000000000000000e+00 -1.414949040996066515e+03
-0.000000000000000000e+00 -1.404004525641147666e+03
-0.000000000000000000e+00 -1.393009324243740593e+03
-0.000000000000000000e+00 -1.388602157091084109e+03
-0.000000000000000000e+00 -1.384831016835883929e+03
-0.000000000000000000e+00 -1.380837207354530619e+03
-0.000000000000000000e+00 -1.372885945529597393e+03
-0.000000000000000000e+00 -1.366540514163244779e+03
-0.000000000000000000e+00 -1.351457762656528985e+03
-0.000000000000000000e+00 -1.351457762656526256e+03
-0.000000000000000000e+00 -1.340926520499956268e+03
-0.000000000000000000e+00 -1.339868191588153877e+03
-0.000000000000000000e+00 -1.336356467691738089e+03
-0.000000000000000000e+00 -1.326764055317463090e+03
-0.000000000000000000e+00 -1.323090908136884764e+03
-0.000000000000000000e+00 -1.314771403431990848e+03
-0.000000000000000000e+00 -1.310864807491516103e+03
-0.000000000000000000e+00 -1.295934373392836051e+03
-0.000000000000000000e+00 -1.295934373392833550e+03
-0.000000000000000000e+00 -1.290265565789145285e+03
-0.000000000000000000e+00 -1.284118562396771267e+03
-0.000000000000000000e+00 -1.270519630900813581e+03
-0.000000000000000000e+00 -1.249098444330362099e+03
-0.000000000000000000e+00 -1.247977191679570751e+03
-0.000000000000000000e+00 -1.238704176694929174e+03
-0.000000000000000000e+00 -1.232440757108796788e+03
-0.000000000000000000e+00 -1.215514659614055290e+03
1.100000000000000000e+01 0.000000000000000000e+00
7.000000000000000000e+00 -1.289727310211253098e+03
7.000000000000000000e+00 -1.110006027132161762e+03
7.000000000000000000e+00 -1.042783573023139752e+03
7.000000000000000000e+00 -9.565499817178142621e+02
7.000000000000000000e+00 -9.278879947834224140e+02
7.000000000000000000e+00 -9.119092100884950014e+02
7.000000000000000000e+00 -8.756360177249108574e+02
7.000000000000000000e+00 -8.729562251228583136e+02
7.000000000000000000e+00 -8.707782636086932371e+02
7.000000000000000000e+00 -8.652597852883033056e+02
7.000000000000000000e+00 -8.417011494771427351e+02
7.000000000000000000e+00 -8.130005409358451516e+02
7.000000000000000000e+00 -7.805759994895214504e+02
7.000000000000000000e+00 -7.758988304734476742e+02
7.000000000000000000e+00 -7.519687159029841723e+02
7.000000000000000000e+00 -7.340634188230117161e+02
7.000000000000000000e+00 -7.289413702764938989e+02
7.000000000000000000e+00 -7.272465431879753623e+02
7.000000000000000000e+00 -7.060236743273869706e+02
7.000000000000000000e+00 -6.827134652999840227e+02
7.000000000000000000e+00 -6.677945783830293749e+02
7.000000000000000000e+00 -6.591691913588235820e+02
7.000000000000000000e+00 -6.574728971842624787e+02
7.000000000000000000e+00 -6.519187930932896506e+02
7.000000000000000000e+00 -6.376415281816022116e+02
7.000000000000000000e+00 -6.285209277767260119e+02
7.000000000000000000e+00 -6.215617297769279048e+02
7.000000000000000000e+00 -6.174071893455616191e+02
7.000000000000000000e+00 -6.079757961962534409e+02
7.000000000000000000e+00 -5.970856423767462502e+02
7.000000000000000000e+00 -5.819160234831485923e+02
7.000000000000000000e+00 -5.527273235145044055e+02
7.000000000000000000e+00 -5.486099541195264919e+02
7.000000000000000000e+00 -5.470429416271153968e+02
7.000000000000000000e+00 -5.362828593807515745e+02
7.000000000000000000e+00 -5.319001087455949346e+02
7.000000000000000000e+00 -5.247586414466680935e+02
7.000000000000000000e+00 -5.199498277176579677e+02
7.000000000000000000e+00 -5.133330564567684178e+02
7.000000000000000000e+00 -5.130763653923706897e+02
2.000000000000000000e+00 -1.799837465198593918e+03
2.000000000000000000e+00 -1.610449848702869531e+03
2.000000000000000000e+00 -1.599103543851129416e+03
2.000000000000000000e+00 -1.552996414370649745e+03
2.000000000000000000e+00 -1.544499830240615438e+03
2.000000000000000000e+00 -1.542465098098126418e+03
2.000000000000000000e+00 -1.460108482990394123e+03
2.000000000000000000e+00 -1.431447895498090702e+03
2.000000000000000000e+00 -1.415394187970815210e+03
2.000000000000000000e+00 -1.413507895181745425e+03
2.000000000000000000e+00 -1.380902137812128785e+03
2.000000000000000000e+00 -1.376914341911858173e+03
2.000000000000000000e+00 -1.363599247691379787e+03
2.000000000000000000e+00 -1.361695329309606450e+03
2.000000000000000000e+00 -1.352377299414712979e+03
2.000000000000000000e+00 -1.346558938981065239e+03
2.000000000000000000e+00 -1.335320915295644227e+03
2.000000000000000000e+00 -1.324295592419692184e+03
2.000000000000000000e+00 -1.310048083522420939e+03
2.000000000000000000e+00 -1.303910061077356431e+03
2.000000000000000000e+00 -1.299853116793657591e+03
2.000000000000000000e+00 -1.286974180322585653e+03
2.000000000000000000e+00 -1.278227209283694719e+03
2.000000000000000000e+00 -1.273002422783183874e+03
2.000000000000000000e+00 -1.250641759376379696e+03
2.000000000000000000e+00 -1.239829993072711659e+03
2.000000000000000000e+00 -1.236454506087969776e+03
2.000000000000000000e+00 -1.229935188852348801e+03
2.000000000000000000e+00 -1.227222829341983015e+03
2.000000000000000000e+00 -1.212120778071544237e+03
2.000000000000000000e+00 -1.203441821575225049e+03
2.000000000000000000e+00 -1.201256192186507633e+03
2.000000000000000000e+00 -1.194572221796229769e+03
2.000000000000000000e+00 -1.191897931307658155e+03
2.000000000000000000e+00 -1.186570162957992125e+03
2.000000000000000000e+00 -1.185469569284716272e+03
2.000000000000000000e+00 -1.181390624271077286e+03
2.000000000000000000e+00 -1.176547414688538765e+03
2.000000000000000000e+00 -1.171540892346543387e+03
2.000000000000000000e+00 -1.166812957078546788e+03
3.000000000000000000e+00 -1.598630609790434391e+03
3.000000000000000000e+00 -1.555814215840447332e+03
3.000000000000000000e+00 -1.546003232373974242e+03
3.000000000000000000e+00 -1.528833391640719356e+03
3.000000000000000000e+00 -1.426114358973988601e+03
3.000000000000000000e+00 -1.413794687342181987e+03
3.000000000000000000e+00 -1.394634745060085379e+03
3.000000000000000000e+00 -1.362261904217170013e+03
3.000000000000000000e+00 -1.352999534646237862e+03
3.000000000000000000e+00 -1.345113718685441199e+03
3.000000000000000000e+00 -1.328311315309875681e+03
3.000000000000000000e+00 -1.324931619368120664e+03
3.000000000000000000e+00 -1.301613872092275869e+03
3.000000000000000000e+00 -1.289847472258411699e+03
3.000000000000000000e+00 -1.237038511842454227e+03
3.000000000000000000e+00 -1.236962397405201727e+03
3.000000000000000000e+00 -1.229589806655826806e+03
3.000000000000000000e+00 -1.224411568008756149e+03
3.000000000000000000e+00 -1.212514123548437965e+03
3.000000000000000000e+00 -1.205114799193021781e+03
3.000000000000000000e+00 -1.195193825629796493e+03
3.000000000000000000e+00 -1.185670699907932885e+03
3.000000000000000000e+00 -1.182826061172900609e+03
3.000000000000000000e+00 -1.174837056826553635e+03
3.000000000000000000e+00 -1.173935998940350373e+03
3.000000000000000000e+00 -1.167460713046788669e+03
3.000000000000000000e+00 -1.165996877944488915e+03
3.000000000000000000e+00 -1.153637260320550922e+03
3.000000000000000000e+00 -1.142955947038440854e+03
3.000000000000000000e+00 -1.142287820555351118e+03
3.000000000000000000e+00 -1.129859883647259721e+03
3.000000000000000000e+00 -1.128596305535565762e+03
3.000000000000000000e+00 -1.117861510240069038e+03
3.000000000000000000e+00 -1.117589332095336886e+03
3.000000000000000000e+00 -1.114625311163865035e+03
3.000000000000000000e+00 -1.104134745422385549e+03
3.000000000000000000e+00 -1.102069530408248511e+03
3.000000000000000000e+00 -1.100554235177707596e+03
9.000000000000000000e+00 -7.440570719698266657e+02
9.000000000000000000e+00 -6.662744694671918069e+02
9.000000000000000000e+00 -4.898745250524809762e+02
9.000000000000000000e+00 -4.642792288779288583e+02
9.000000000000000000e+00 -4.360729741576086553e+02
9.000000000000000000e+00 -2.926308550255396881e+02
9.000000000000000000e+00 -2.799980053100504733e+02
9.000000000000000000e+00 -2.270521068266133966e+02
9.000000000000000000e+00 -1.779621464917940727e+02
9.000000000000000000e+00 -1.335855847438830040e+02
9.000000000000000000e+00 -9.273242404886083534e+01
9.000000000000000000e+00 -4.746834121024097897e+01
9.000000000000000000e+00 1.066709707484203840e+01
9.000000000000000000e+00 7.626497400076193856e+01
9.000000000000000000e+00 1.187635384008358557e+02
9.000000000000000000e+00 1.721949252503361834e+02
9.000000000000000000e+00 2.283849833620681409e+02
9.000000000000000000e+00 3.171151174931742389e+02
5.000000000000000000e+00 -1.354846493041281519e+03
5.000000000000000000e+00 -1.326727805755506779e+03
5.000000000000000000e+00 -1.309670113958087768e+03
5.000000000000000000e+00 -1.294657180938319470e+03
5.000000000000000000e+00 -1.268295052962228283e+03
5.000000000000000000e+00 -1.182827861809839533e+03
5.000000000000000000e+00 -1.181703775449743034e+03
5.000000000000000000e+00 -1.163917543095068140e+03
5.000000000000000000e+00 -1.129089658015912846e+03
5.000000000000000000e+00 -1.128398641105693741e+03
5.000000000000000000e+00 -1.123653050870672814e+03
5.000000000000000000e+00 -1.093226438402146186e+03
5.000000000000000000e+00 -1.085691355702659848e+03
5.000000000000000000e+00 -1.084986207643513808e+03
5.000000000000000000e+00 -1.059121612376678058e+03
5.000000000000000000e+00 -1.059040204945009918e+03
5.000000000000000000e+00 -1.049778468750885622e+03
5.000000000000000000e+00 -1.035323220727358148e+03
5.000000000000000000e+00 -1.034202950098756901e+03
5.000000000000000000e+00 -1.022194383441443506e+03
5.000000000000000000e+00 -9.986800131221933725e+02
5.000000000000000000e+00 -9.837283581034794224e+02
5.000000000000000000e+00 -9.810447253113576380e+02
5.000000000000000000e+00 -9.587483356225706075e+02
5.000000000000000000e+00 -9.566919695815938667e+02
5.000000000000000000e+00 -9.557235043977997293e+02
5.000000000000000000e+00 -9.516168934502768479e+02
5.000000000000000000e+00 -9.375952477042347937e+02
5.000000000000000000e+00 -9.318733354229450470e+02
5.000000000000000000e+00 -9.306141837209250980e+02
5.000000000000000000e+00 -9.229977785194197395e+02
5.000000000000000000e+00 -9.120633836715052212e+02
5.000000000000000000e+00 -9.117844868142279893e+02
5.000000000000000000e+00 -9.029907444042215729e+02
5.000000000000000000e+00 -8.956588137109464469e+02
5.000000000000000000e+00 -8.921743408735119374e+02
5.000000000000000000e+00 -8.912837184540110229e+02
5.000000000000000000e+00 -8.800446832136570947e+02
5.000000000000000000e+00 -8.741971240470777502e+02
5.000000000000000000e+00 -8.706260344888767122e+02
1.000000000000000000e+01 -5.919474182433220903e+02
1.000000000000000000e+01 -4.690008681488476441e+02
1.000000000000000000e+01 -2.820227073295999389e+02
1.000000000000000000e+01 -2.650893391466719891e+02
1.000000000000000000e+01 -1.098928031538732029e+02
1.000000000000000000e+01 -7.602572874270518355e+01
1.000000000000000000e+01 5.740735946687387781e+01
1.000000000000000000e+01 1.587082143716427538e+02
1.000000000000000000e+01 3.489533229265030627e+02
6.000000000000000000e+00 -1.294070621884795173e+03
6.000000000000000000e+00 -1.290181970640361214e+03
6.000000000000000000e+00 -1.177264818611710552e+03
6.000000000000000000e+00 -1.164633293801312902e+03
6.000000000000000000e+00 -1.119665338184104030e+03
6.000000000000000000e+00 -1.109539238107953452e+03
6.000000000000000000e+00 -1.101519579895038078e+03
6.000000000000000000e+00 -1.053318130525472043e+03
6.000000000000000000e+00 -1.044449385103358281e+03
6.000000000000000000e+00 -1.017265680086444036e+03
6.000000000000000000e+00 -1.000328516652344433e+03
6.000000000000000000e+00 -9.626718764043243937e+02
6.000000000000000000e+00 -9.570168303165164616e+02
6.000000000000000000e+00 -9.310939125019499443e+02
6.000000000000000000e+00 -9.217323163737165714e+02
6.000000000000000000e+00 -9.092722335248041645e+02
6.000000000000000000e+00 -9.035473233082569777e+02
6.000000000000000000e+00 -8.995724723759882409e+02
6.000000000000000000e+00 -8.857455972403599844e+02
6.000000000000000000e+00 -8.839505437683856144e+02
6.000000000000000000e+00 -8.747799816005008324e+02
6.000000000000000000e+00 -8.739215626166619586e+02
6.000000000000000000e+00 -8.533056117098574305e+02
6.000000000000000000e+00 -8.262014377867548092e+02
6.000000000000000000e+00 -8.249908494100542384e+02
6.000000000000000000e+00 -8.244126066098792762e+02
6.000000000000000000e+00 -8.150397297215048411e+02
6.000000000000000000e+00 -8.057311620091859368e+02
6.000000000000000000e+00 -7.941292584759218016e+02
6.000000000000000000e+00 -7.918877053866917777e+02
6.000000000000000000e+00 -7.912825402299612279e+02
6.000000000000000000e+00 -7.640477107365884422e+02
6.000000000000000000e+00 -7.578740005528997017e+02
6.000000000000000000e+00 -7.556865567559192414e+02
6.000000000000000000e+00 -7.539633271528734895e+02
6.000000000000000000e+00 -7.391975728592572068e+02
6.000000000000000000e+00 -7.374029837400631777e+02
6.000000000000000000e+00 -7.219402902816110554e+02
6.000000000000000000e+00 -7.160162483949156922e+02
6.000000000000000000e+00 -7.096214841625890131e+02
8.000000000000000000e+00 -1.027848807577565140e+03
8.000000000000000000e+00 -9.260906989440607049e+02
8.000000000000000000e+00 -8.950506589554933043e+02
8.000000000000000000e+00 -8.283014707390115063e+02
8.000000000000000000e+00 -7.395216347891050646e+02
8.000000000000000000e+00 -7.276975905173356978e+02
8.000000000000000000e+00 -7.119066055719256383e+02
8.000000000000000000e+00 -6.764595885693516948e+02
8.000000000000000000e+00 -6.407508710312329185e+02
8.000000000000000000e+00 -6.244300740079080470e+02
8.000000000000000000e+00 -6.165911004099984893e+02
8.000000000000000000e+00 -6.076703348965380655e+02
8.000000000000000000e+00 -5.984676326343798110e+02
8.000000000000000000e+00 -5.850769338066463661e+02
8.000000000000000000e+00 -5.418736656481082719e+02
8.000000000000000000e+00 -5.241636654021581307e+02
8.000000000000000000e+00 -5.016725170255493254e+02
8.000000000000000000e+00 -4.754954669693988194e+02
8.000000000000000000e+00 -4.629763471577908831e+02
8.000000000000000000e+00 -4.427288198419254854e+02
8.000000000000000000e+00 -4.057890223302968025e+02
8.000000000000000000e+00 -4.046072729635278620e+02
8.000000000000000000e+00 -3.943059796877392955e+02
8.000000000000000000e+00 -3.627702798643258575e+02
8.000000000000000000e+00 -3.585696083261008766e+02
8.000000000000000000e+00 -3.443312727364929628e+02
8.000000000000000000e+00 -3.291190392301699035e+02
8.000000000000000000e+00 -3.260491538902417687e+02
8.000000000000000000e+00 -3.149633791325841230e+02
8.000000000000000000e+00 -3.038445156526155415e+02
8.000000000000000000e+00 -2.936863707090431603e+02
8.000000000000000000e+00 -2.683166256158304463e+02
8.000000000000000000e+00 -2.623804075292038078e+02
8.000000000000000000e+00 -2.617039036035089907e+02
8.000000000000000000e+00 -2.489086660562965676e+02
8.000000000000000000e+00 -2.364318587297486260e+02
8.000000000000000000e+00 -2.244719701190119849e+02
8.000000000000000000e+00 -2.218837409124760995e+02
8.000000000000000000e+00 -2.077326854306175505e+02
8.000000000000000000e+00 -1.817261384481359130e+02
1.000000000000000000e+00 -1.800336521185482752e+03
1.000000000000000000e+00 -1.609945001938138375e+03
1.000000000000000000e+00 -1.599292848256643083e+03
1.000000000000000000e+00 -1.589396866933250976e+03
1.000000000000000000e+00 -1.566728344303416179e+03
1.000000000000000000e+00 -1.561316332926415271e+03
1.000000000000000000e+00 -1.544180457451199118e+03
1.000000000000000000e+00 -1.462288561459889479e+03
1.000000000000000000e+00 -1.433361415478117351e+03
1.000000000000000000e+00 -1.411413550107066158e+03
1.000000000000000000e+00 -1.400932075547532804e+03
1.000000000000000000e+00 -1.382899373731632295e+03
1.000000000000000000e+00 -1.380726529254770185e+03
1.000000000000000000e+00 -1.376197198874848482e+03
1.000000000000000000e+00 -1.362229168187897130e+03
1.000000000000000000e+00 -1.348121315609966132e+03
1.000000000000000000e+00 -1.341010976933913298e+03
1.000000000000000000e+00 -1.336676676247755267e+03
1.000000000000000000e+00 -1.327354182824053851e+03
1.000000000000000000e+00 -1.324600805929742364e+03
1.000000000000000000e+00 -1.324238364508090399e+03
1.000000000000000000e+00 -1.304082662491902511e+03
1.000000000000000000e+00 -1.301033510625961981e+03
1.000000000000000000e+00 -1.298745813652634070e+03
1.000000000000000000e+00 -1.294651894726730006e+03
1.000000000000000000e+00 -1.292478716983614049e+03
1.000000000000000000e+00 -1.290548013537858878e+03
1.000000000000000000e+00 -1.277601232258425398e+03
1.000000000000000000e+00 -1.261998132320804189e+03
1.000000000000000000e+00 -1.252393184949812394e+03
1.000000000000000000e+00 -1.243160541160680168e+03
1.000000000000000000e+00 -1.231965512172588888e+03
1.000000000000000000e+00 -1.219792648121236425e+03
1.000000000000000000e+00 -1.218207243096422644e+03
1.000000000000000000e+00 -1.208393418558224312e+03
1.000000000000000000e+00 -1.207406847122454110e+03
1.000000000000000000e+00 -1.200197560116874229e+03
1.000000000000000000e+00 -1.194425356010634232e+03
1.000000000000000000e+00 -1.187215550743222821e+03
1.000000000000000000e+00 -1.186240544914968950e+03
4.000000000000000000e+00 -1.590713242849891458e+03
4.000000000000000000e+00 -1.568929947233515577e+03
4.000000000000000000e+00 -1.561984884593382731e+03
4.000000000000000000e+00 -1.378073712979321044e+03
4.000000000000000000e+00 -1.348387399218505834e+03
4.000000000000000000e+00 -1.333916337316932868e+03
4.000000000000000000e+00 -1.323793595240961622e+03
4.000000000000000000e+00 -1.298961395237514580e+03
4.000000000000000000e+00 -1.292951782766346696e+03
4.000000000000000000e+00 -1.276394796541812866e+03
4.000000000000000000e+00 -1.244330781702441982e+03
4.000000000000000000e+00 -1.237215144608597257e+03
4.000000000000000000e+00 -1.214957208667646000e+03
4.000000000000000000e+00 -1.210767713506542805e+03
4.000000000000000000e+00 -1.199006602251655295e+03
4.000000000000000000e+00 -1.186834589261727842e+03
4.000000000000000000e+00 -1.180380604438264754e+03
4.000000000000000000e+00 -1.173449329963521450e+03
4.000000000000000000e+00 -1.158615485288203217e+03
4.000000000000000000e+00 -1.154250690591135026e+03
4.000000000000000000e+00 -1.152729660054283158e+03
4.000000000000000000e+00 -1.142436758963311604e+03
4.000000000000000000e+00 -1.136656037652394389e+03
4.000000000000000000e+00 -1.128056427789174450e+03
4.000000000000000000e+00 -1.123352531532328612e+03
4.000000000000000000e+00 -1.111328190336110310e+03
4.000000000000000000e+00 -1.094401182387597601e+03
4.000000000000000000e+00 -1.080624657572837123e+03
4.000000000000000000e+00 -1.070876811624184484e+03
4.000000000000000000e+00 -1.064089327816490368e+03
4.000000000000000000e+00 -1.056361961392846752e+03
4.000000000000000000e+00 -1.039739327525306635e+03
4.000000000000000000e+00 -1.022083250824092602e+03
4.000000000000000000e+00 -1.010111872794370356e+03
4.000000000000000000e+00 -1.006039533582060130e+03
