-0.000000000000000000e+00 -3.330422368505992836e+03
-0.000000000000000000e+00 -3.138464247805343803e+03
-0.000000000000000000e+00 -3.079388205309752266e+03
-0.000000000000000000e+00 -2.926828543416945195e+03
-0.000000000000000000e+00 -2.814471236057771421e+03
-0.000000000000000000e+00 -2.761364325575982093e+03
-0.000000000000000000e+00 -2.725547742440256570e+03
-0.000000000000000000e+00 -2.668011837604629818e+03
-0.000000000000000000e+00 -2.660130050796497471e+03
-0.000000000000000000e+00 -2.646121618879950802e+03
-0.000000000000000000e+00 -2.609341092072866104e+03
-0.000000000000000000e+00 -2.578758905708202292e+03
-0.000000000000000000e+00 -2.578014864790593947e+03
-0.000000000000000000e+00 -2.532729367937402003e+03
-0.000000000000000000e+00 -2.518003892644555435e+03
-0.000000000000000000e+00 -2.473651215633379252e+03
-0.000000000000000000e+00 -2.470845456036652195e+03
-0.000000000000000000e+00 -2.437127549914298470e+03
-0.000000000000000000e+00 -2.432977420520295254e+03
-0.000000000000000000e+00 -2.413032677703787613e+03
-0.000000000000000000e+00 -2.379393025206775746e+03
-0.000000000000000000e+00 -2.364682340797049164e+03
-0.000000000000000000e+00 -2.363266406404021836e+03
-0.000000000000000000e+00 -2.346731182305949005e+03
-0.000000000000000000e+00 -2.325512362832473173e+03
-0.000000000000000000e+00 -2.321687490778156189e+03
-0.000000000000000000e+00 -2.315942890352430823e+03
-0.000000000000000000e+00 -2.297877992884508785e+03
-0.000000000000000000e+00 -2.288248692693412067e+03
-0.000000000000000000e+00 -2.288248692693406610e+03
-0.000000000000000000e+00 -2.283425904501730656e+03
-0.000000000000000000e+00 -2.279936687113975040e+03
-0.000000000000000000e+00 -2.272052438302999235e+03
-0.000000000000000000e+00 -2.243372987716472380e+03
-0.000000000000000000e+00 -2.235005579166778261e+03
-0.000000000000000000e+00 -2.205850234485896181e+03
-0.000000000000000000e+00 -2.205850234485892543e+03
-0.000000000000000000e+00 -2.205481788685578977e+03
-0.000000000000000000e+00 -2.205481788685578522e+03
-0.000000000000000000e+00 -2.198006753747546554e+03
1.100000000000000000e+01 0.000000000000000000e+00
7.000000000000000000e+00 -2.453358958324552077e+03
7.000000000000000000e+00 -2.034217514717812719e+03
7.000000000000000000e+00 -1.875856940065782510e+03
7.000000000000000000e+00 -1.861676273083824753e+03
7.000000000000000000e+00 -1.727522460819214984e+03
7.000000000000000000e+00 -1.575557426750003287e+03
7.000000000000000000e+00 -1.556855711668887125e+03
7.000000000000000000e+00 -1.543797733107640852e+03
7.000000000000000000e+00 -1.512957356272491779e+03
7.000000000000000000e+00 -1.508084669724595415e+03
7.000000000000000000e+00 -1.456973568978403364e+03
7.000000000000000000e+00 -1.380661073854024153e+03
7.000000000000000000e+00 -1.377544988590704861e+03
7.000000000000000000e+00 -1.350647147207286025e+03
7.000000000000000000e+00 -1.345348367137954938e+03
7.000000000000000000e+00 -1.330322570555360471e+03
7.000000000000000000e+00 -1.296856226460268317e+03
7.000000000000000000e+00 -1.275204734812634570e+03
7.000000000000000000e+00 -1.266174368087896482e+03
7.000000000000000000e+00 -1.248068477858487313e+03
7.000000000000000000e+00 -1.246550467299713091e+03
7.000000000000000000e+00 -1.229401014933481520e+03
7.000000000000000000e+00 -1.186669862732708225e+03
7.000000000000000000e+00 -1.183860572712770818e+03
7.000000000000000000e+00 -1.158845411459351226e+03
7.000000000000000000e+00 -1.124963139711176609e+03
7.000000000000000000e+00 -1.108516947322592841e+03
7.000000000000000000e+00 -1.091946691518696070e+03
7.000000000000000000e+00 -1.076818960013860305e+03
7.000000000000000000e+00 -1.063613462967567330e+03
7.000000000000000000e+00 -1.049543113642403796e+03
7.000000000000000000e+00 -1.028856379849231416e+03
7.000000000000000000e+00 -1.018616323604255854e+03
7.000000000000000000e+00 -1.014401081130674584e+03
7.000000000000000000e+00 -1.011975150088618648e+03
7.000000000000000000e+00 -1.006835211468042644e+03
7.000000000000000000e+00 -9.989576818345716447e+02
7.000000000000000000e+00 -9.777707972042334177e+02
7.000000000000000000e+00 -9.711325827461586186e+02
7.000000000000000000e+00 -9.680762577768396113e+02
2.000000000000000000e+00 -3.179521895259801113e+03
2.000000000000000000e+00 -3.029365385947683990e+03
2.000000000000000000e+00 -2.912874015021540799e+03
2.000000000000000000e+00 -2.772629416334091275e+03
2.000000000000000000e+00 -2.761404637173212905e+03
2.000000000000000000e+00 -2.667857128331403146e+03
2.000000000000000000e+00 -2.619710188416541769e+03
2.000000000000000000e+00 -2.527780645934996755e+03
2.000000000000000000e+00 -2.492189157497750784e+03
2.000000000000000000e+00 -2.462456603596845525e+03
2.000000000000000000e+00 -2.448257285610474355e+03
2.000000000000000000e+00 -2.436448103618123696e+03
2.000000000000000000e+00 -2.417208850940426601e+03
2.000000000000000000e+00 -2.394339315024877578e+03
2.000000000000000000e+00 -2.362653372955532177e+03
2.000000000000000000e+00 -2.339176047680284228e+03
2.000000000000000000e+00 -2.314463051311378422e+03
2.000000000000000000e+00 -2.305108172207575535e+03
2.000000000000000000e+00 -2.295502288819368005e+03
2.000000000000000000e+00 -2.285247696264862498e+03
2.000000000000000000e+00 -2.254546971258482699e+03
2.000000000000000000e+00 -2.241569582312486091e+03
2.000000000000000000e+00 -2.222459346599428955e+03
2.000000000000000000e+00 -2.212043189558887661e+03
2.000000000000000000e+00 -2.210367382778678348e+03
2.000000000000000000e+00 -2.202380694249178305e+03
2.000000000000000000e+00 -2.192757333055822073e+03
2.000000000000000000e+00 -2.182402399392875395e+03
2.000000000000000000e+00 -2.166713230513911185e+03
2.000000000000000000e+00 -2.159912023264508207e+03
2.000000000000000000e+00 -2.158495472430912287e+03
2.000000000000000000e+00 -2.120668839497101089e+03
2.000000000000000000e+00 -2.113172845905258782e+03
2.000000000000000000e+00 -2.100517535604062687e+03
2.000000000000000000e+00 -2.090637858383655384e+03
2.000000000000000000e+00 -2.088973006928227278e+03
2.000000000000000000e+00 -2.075949506365642719e+03
2.000000000000000000e+00 -2.066486131115971148e+03
2.000000000000000000e+00 -2.046785540357556329e+03
2.000000000000000000e+00 -2.044385272477533135e+03
3.000000000000000000e+00 -3.040049209164686545e+03
3.000000000000000000e+00 -2.902350815509218137e+03
3.000000000000000000e+00 -2.762410212710147789e+03
3.000000000000000000e+00 -2.551112738811740655e+03
3.000000000000000000e+00 -2.451986413996306055e+03
3.000000000000000000e+00 -2.430720379747771403e+03
3.000000000000000000e+00 -2.398055196393054302e+03
3.000000000000000000e+00 -2.393996979719643150e+03
3.000000000000000000e+00 -2.359953875109756154e+03
3.000000000000000000e+00 -2.336501211155881265e+03
3.000000000000000000e+00 -2.324843002342146974e+03
3.000000000000000000e+00 -2.302849822381940612e+03
3.000000000000000000e+00 -2.292951636072335077e+03
3.000000000000000000e+00 -2.257564829996424578e+03
3.000000000000000000e+00 -2.233483148301003894e+03
3.000000000000000000e+00 -2.215927361482162269e+03
3.000000000000000000e+00 -2.203636196752389424e+03
3.000000000000000000e+00 -2.191844241254400913e+03
3.000000000000000000e+00 -2.172083695707297011e+03
3.000000000000000000e+00 -2.161516022253189476e+03
3.000000000000000000e+00 -2.116326360908264178e+03
3.000000000000000000e+00 -2.093017075330698844e+03
3.000000000000000000e+00 -2.089156488110269038e+03
3.000000000000000000e+00 -2.072240247192056358e+03
3.000000000000000000e+00 -2.065174748875158912e+03
3.000000000000000000e+00 -2.057280700982571943e+03
3.000000000000000000e+00 -2.050226752190888419e+03
3.000000000000000000e+00 -2.043743100263978022e+03
3.000000000000000000e+00 -2.016405115324085727e+03
3.000000000000000000e+00 -2.015168672841872876e+03
3.000000000000000000e+00 -2.005610999417851190e+03
3.000000000000000000e+00 -1.990246341162938279e+03
3.000000000000000000e+00 -1.988510475549117018e+03
3.000000000000000000e+00 -1.973894883544730419e+03
3.000000000000000000e+00 -1.970682047313288649e+03
3.000000000000000000e+00 -1.961032187955269137e+03
3.000000000000000000e+00 -1.941813741665638418e+03
3.000000000000000000e+00 -1.934849421084286860e+03
9.000000000000000000e+00 -1.260306898493885228e+03
9.000000000000000000e+00 -1.127339087844848336e+03
9.000000000000000000e+00 -9.883297951859431123e+02
9.000000000000000000e+00 -9.306302079660976005e+02
9.000000000000000000e+00 -8.806886757505099013e+02
9.000000000000000000e+00 -5.960735755907627436e+02
9.000000000000000000e+00 -5.449022023813093938e+02
9.000000000000000000e+00 -4.789500371639844616e+02
9.000000000000000000e+00 -3.629069122630079960e+02
9.000000000000000000e+00 -3.227926902140678180e+02
9.000000000000000000e+00 -2.484000268098143920e+02
9.000000000000000000e+00 -1.486116080758754094e+02
9.000000000000000000e+00 -1.425112243564040000e+02
9.000000000000000000e+00 -9.103326426497609702e+01
9.000000000000000000e+00 -7.406458674124919428e-01
9.000000000000000000e+00 5.568376588320995779e+01
9.000000000000000000e+00 1.294888998695582529e+02
9.000000000000000000e+00 2.378821000761295181e+02
5.000000000000000000e+00 -2.614095896067762169e+03
5.000000000000000000e+00 -2.437052418131994273e+03
5.000000000000000000e+00 -2.314867265935245541e+03
5.000000000000000000e+00 -2.287683912494047036e+03
5.000000000000000000e+00 -2.213351560027530923e+03
5.000000000000000000e+00 -2.195986000718024570e+03
5.000000000000000000e+00 -2.025986073953041569e+03
5.000000000000000000e+00 -2.025236216766646749e+03
5.000000000000000000e+00 -2.009391961375505161e+03
5.000000000000000000e+00 -2.008445319900622735e+03
5.000000000000000000e+00 -1.971568631004435701e+03
5.000000000000000000e+00 -1.928464643667250584e+03
5.000000000000000000e+00 -1.926065118901269216e+03
5.000000000000000000e+00 -1.912920939412092594e+03
5.000000000000000000e+00 -1.884030376137264511e+03
5.000000000000000000e+00 -1.874888058154271448e+03
5.000000000000000000e+00 -1.859439603965065089e+03
5.000000000000000000e+00 -1.849282078339481586e+03
5.000000000000000000e+00 -1.846589356848979378e+03
5.000000000000000000e+00 -1.787453670867640312e+03
5.000000000000000000e+00 -1.769123072031298307e+03
5.000000000000000000e+00 -1.755236115855323533e+03
5.000000000000000000e+00 -1.753016363685793976e+03
5.000000000000000000e+00 -1.723680147831251361e+03
5.000000000000000000e+00 -1.710082526160932048e+03
5.000000000000000000e+00 -1.672708173015578723e+03
5.000000000000000000e+00 -1.658713940537672670e+03
5.000000000000000000e+00 -1.655815911420373368e+03
5.000000000000000000e+00 -1.633337139644354011e+03
5.000000000000000000e+00 -1.633125559522819685e+03
5.000000000000000000e+00 -1.620202059067819164e+03
5.000000000000000000e+00 -1.613839115476152529e+03
5.000000000000000000e+00 -1.600737975151533874e+03
5.000000000000000000e+00 -1.592315605294188117e+03
5.000000000000000000e+00 -1.590346451133088749e+03
5.000000000000000000e+00 -1.572615561443508341e+03
5.000000000000000000e+00 -1.566939657336843766e+03
5.000000000000000000e+00 -1.554363873070373302e+03
5.000000000000000000e+00 -1.542896559728003695e+03
5.000000000000000000e+00 -1.528472170549781595e+03
1.000000000000000000e+01 -1.037068285092441783e+03
1.000000000000000000e+01 -7.757656954952669821e+02
1.000000000000000000e+01 -5.616476543128045478e+02
1.000000000000000000e+01 -3.629222684207974226e+02
1.000000000000000000e+01 -3.253997284930798628e+02
1.000000000000000000e+01 -1.831304636579204157e+02
1.000000000000000000e+01 -1.000898434080145591e+02
1.000000000000000000e+01 5.731406157198350826e+01
1.000000000000000000e+01 2.637007253083425553e+02
6.000000000000000000e+00 -2.451488012231555786e+03
6.000000000000000000e+00 -2.337555257463266116e+03
6.000000000000000000e+00 -2.139253093429631008e+03
6.000000000000000000e+00 -2.051149289741813391e+03
6.000000000000000000e+00 -1.988640485373634647e+03
6.000000000000000000e+00 -1.950909170491666600e+03
6.000000000000000000e+00 -1.906790587947420136e+03
6.000000000000000000e+00 -1.881824397486256430e+03
6.000000000000000000e+00 -1.851451585302412468e+03
6.000000000000000000e+00 -1.830317299738758720e+03
6.000000000000000000e+00 -1.742515153343746533e+03
6.000000000000000000e+00 -1.723460423530978460e+03
6.000000000000000000e+00 -1.704137763627564254e+03
6.000000000000000000e+00 -1.683115082214667154e+03
6.000000000000000000e+00 -1.656902117634997921e+03
6.000000000000000000e+00 -1.655542548595581820e+03
6.000000000000000000e+00 -1.600975271703751105e+03
6.000000000000000000e+00 -1.584389650076860789e+03
6.000000000000000000e+00 -1.574719800763656622e+03
6.000000000000000000e+00 -1.560318306898754599e+03
6.000000000000000000e+00 -1.552623146192760714e+03
6.000000000000000000e+00 -1.533041687379341738e+03
6.000000000000000000e+00 -1.528970755154289463e+03
6.000000000000000000e+00 -1.524159959190804102e+03
6.000000000000000000e+00 -1.509063527527512178e+03
6.000000000000000000e+00 -1.484598513135800431e+03
6.000000000000000000e+00 -1.484229530406333652e+03
6.000000000000000000e+00 -1.451499844369812081e+03
6.000000000000000000e+00 -1.437987176758536862e+03
6.000000000000000000e+00 -1.433021208683701616e+03
6.000000000000000000e+00 -1.392410620846121446e+03
6.000000000000000000e+00 -1.375138055770570645e+03
6.000000000000000000e+00 -1.372553081852470996e+03
6.000000000000000000e+00 -1.351387773670334582e+03
6.000000000000000000e+00 -1.349614541676534600e+03
6.000000000000000000e+00 -1.347998373422395844e+03
6.000000000000000000e+00 -1.333716233988587646e+03
6.000000000000000000e+00 -1.310667044383635584e+03
6.000000000000000000e+00 -1.309294820789848700e+03
6.000000000000000000e+00 -1.302971954079003353e+03
8.000000000000000000e+00 -1.877876898115973972e+03
8.000000000000000000e+00 -1.726079395710523158e+03
8.000000000000000000e+00 -1.558545526399353321e+03
8.000000000000000000e+00 -1.498949855090894744e+03
8.000000000000000000e+00 -1.454233379145482104e+03
8.000000000000000000e+00 -1.360949303834624516e+03
8.000000000000000000e+00 -1.293958198983106286e+03
8.000000000000000000e+00 -1.276729510078556814e+03
8.000000000000000000e+00 -1.252059389730450675e+03
8.000000000000000000e+00 -1.181949800796612408e+03
8.000000000000000000e+00 -1.117996023946833020e+03
8.000000000000000000e+00 -1.093939396992365346e+03
8.000000000000000000e+00 -1.062227879769646961e+03
8.000000000000000000e+00 -1.022846785801265355e+03
8.000000000000000000e+00 -1.004942224024091956e+03
8.000000000000000000e+00 -9.751329279726300001e+02
8.000000000000000000e+00 -9.466668916224750774e+02
8.000000000000000000e+00 -8.892596357660472677e+02
8.000000000000000000e+00 -8.888911439127003860e+02
8.000000000000000000e+00 -8.715861331203234386e+02
8.000000000000000000e+00 -7.663173667438220491e+02
8.000000000000000000e+00 -7.571854367402902426e+02
8.000000000000000000e+00 -7.242929826732155334e+02
8.000000000000000000e+00 -7.183383516506738715e+02
8.000000000000000000e+00 -7.126122465402360149e+02
8.000000000000000000e+00 -7.008696550569177361e+02
8.000000000000000000e+00 -6.745557348785927161e+02
8.000000000000000000e+00 -6.673720476146459077e+02
8.000000000000000000e+00 -6.563839321390422583e+02
8.000000000000000000e+00 -6.276681411528384160e+02
8.000000000000000000e+00 -5.909816712507391685e+02
8.000000000000000000e+00 -5.689773714735673593e+02
8.000000000000000000e+00 -5.463815317629189394e+02
8.000000000000000000e+00 -5.044328451641085280e+02
8.000000000000000000e+00 -5.004887694808040237e+02
8.000000000000000000e+00 -4.660447493004799071e+02
8.000000000000000000e+00 -4.619508947879238576e+02
8.000000000000000000e+00 -4.360325340229134667e+02
8.000000000000000000e+00 -4.185917370441081289e+02
8.000000000000000000e+00 -4.042919750929974612e+02
1.000000000000000000e+00 -3.179735463436070404e+03
1.000000000000000000e+00 -2.937406389475729611e+03
1.000000000000000000e+00 -2.886145399022127549e+03
1.000000000000000000e+00 -2.778250780153391133e+03
1.000000000000000000e+00 -2.776085053592894837e+03
1.000000000000000000e+00 -2.638695374535405335e+03
1.000000000000000000e+00 -2.623736546495710627e+03
1.000000000000000000e+00 -2.542016198248258661e+03
1.000000000000000000e+00 -2.540923340537546210e+03
1.000000000000000000e+00 -2.514696171369023432e+03
1.000000000000000000e+00 -2.490665398915475635e+03
1.000000000000000000e+00 -2.479852963502477905e+03
1.000000000000000000e+00 -2.455248706760963159e+03
1.000000000000000000e+00 -2.411099103139829822e+03
1.000000000000000000e+00 -2.390310558681186649e+03
1.000000000000000000e+00 -2.375933022874534345e+03
1.000000000000000000e+00 -2.351351350605817061e+03
1.000000000000000000e+00 -2.334271821539558914e+03
1.000000000000000000e+00 -2.321583722002176273e+03
1.000000000000000000e+00 -2.310723279969948635e+03
1.000000000000000000e+00 -2.300818312442003844e+03
1.000000000000000000e+00 -2.300448546287877434e+03
1.000000000000000000e+00 -2.299135509652235669e+03
1.000000000000000000e+00 -2.255882438132920015e+03
1.000000000000000000e+00 -2.252967855730357769e+03
1.000000000000000000e+00 -2.236310124784144136e+03
1.000000000000000000e+00 -2.231016475702011576e+03
1.000000000000000000e+00 -2.201264277609091550e+03
1.000000000000000000e+00 -2.188887333660253262e+03
1.000000000000000000e+00 -2.183998061475244867e+03
1.000000000000000000e+00 -2.182971439189224384e+03
1.000000000000000000e+00 -2.165495018399713445e+03
1.000000000000000000e+00 -2.160402606373675553e+03
1.000000000000000000e+00 -2.154086837488978745e+03
1.000000000000000000e+00 -2.135210180918122205e+03
1.000000000000000000e+00 -2.134768328536691570e+03
1.000000000000000000e+00 -2.133170953197542985e+03
1.000000000000000000e+00 -2.130801562425895554e+03
1.000000000000000000e+00 -2.117608085360949644e+03
1.000000000000000000e+00 -2.111356497008139741e+03
4.000000000000000000e+00 -2.939067854812848964e+03
4.000000000000000000e+00 -2.887082459481833212e+03
4.000000000000000000e+00 -2.778625083958231698e+03
4.000000000000000000e+00 -2.540779857576822906e+03
4.000000000000000000e+00 -2.455057192668331481e+03
4.000000000000000000e+00 -2.403133850156723383e+03
4.000000000000000000e+00 -2.380094981969985838e+03
4.000000000000000000e+00 -2.358300324603050285e+03
4.000000000000000000e+00 -2.334988261080278335e+03
4.000000000000000000e+00 -2.294998600184543648e+03
4.000000000000000000e+00 -2.262573438985975827e+03
4.000000000000000000e+00 -2.227821338278723942e+03
4.000000000000000000e+00 -2.180156309346771650e+03
4.000000000000000000e+00 -2.166338187768168609e+03
4.000000000000000000e+00 -2.154383854825787239e+03
4.000000000000000000e+00 -2.121221326971431154e+03
4.000000000000000000e+00 -2.115990540978891204e+03
4.000000000000000000e+00 -2.098600402695005869e+03
4.000000000000000000e+00 -2.071771952433862225e+03
4.000000000000000000e+00 -2.069799356401300884e+03
4.000000000000000000e+00 -2.045670062983702792e+03
4.000000000000000000e+00 -2.034078220403261184e+03
4.000000000000000000e+00 -2.022884137434587046e+03
4.000000000000000000e+00 -1.981667821773369269e+03
4.000000000000000000e+00 -1.972542376163870358e+03
4.000000000000000000e+00 -1.942129946284518383e+03
4.000000000000000000e+00 -1.930146272396571476e+03
4.000000000000000000e+00 -1.896775922319455276e+03
4.000000000000000000e+00 -1.889076729716729233e+03
4.000000000000000000e+00 -1.882782912898780978e+03
4.000000000000000000e+00 -1.870307468831716733e+03
4.000000000000000000e+00 -1.858159148832933624e+03
4.000000000000000000e+00 -1.842490502682083616e+03
4.000000000000000000e+00 -1.827498143987227877e+03
4.000000000000000000e+00 -1.815452003952000268e+03
