-0.000000000000000000e+00 -2.048962635456427051e+03
-0.000000000000000000e+00 -1.982493099967077114e+03
-0.000000000000000000e+00 -1.947210726800798057e+03
-0.000000000000000000e+00 -1.767698592260337364e+03
-0.000000000000000000e+00 -1.734149431976675260e+03
-0.000000000000000000e+00 -1.715307626208926195e+03
-0.000000000000000000e+00 -1.700574737476632436e+03
-0.000000000000000000e+00 -1.673270307662267669e+03
-0.000000000000000000e+00 -1.620234074610714970e+03
-0.000000000000000000e+00 -1.614779563609670276e+03
-0.000000000000000000e+00 -1.607991930628057844e+03
-0.000000000000000000e+00 -1.583206745770518182e+03
-0.000000000000000000e+00 -1.579762968117780247e+03
-0.000000000000000000e+00 -1.572881165337232005e+03
-0.000000000000000000e+00 -1.559822711306547262e+03
-0.000000000000000000e+00 -1.540148182009464335e+03
-0.000000000000000000e+00 -1.530826101721939949e+03
-0.000000000000000000e+00 -1.526845418637821467e+03
-0.000000000000000000e+00 -1.523397914981501572e+03
-0.000000000000000000e+00 -1.515955148064489322e+03
-0.000000000000000000e+00 -1.503987670293835663e+03
-0.000000000000000000e+00 -1.501040166283104554e+03
-0.000000000000000000e+00 -1.490927998586286094e+03
-0.000000000000000000e+00 -1.478385761586451508e+03
-0.000000000000000000e+00 -1.473637065300621543e+03
-0.000000000000000000e+00 -1.473637065300619270e+03
-0.000000000000000000e+00 -1.469869324036666740e+03
-0.000000000000000000e+00 -1.461423339051363655e+03
-0.000000000000000000e+00 -1.460938115864014435e+03
-0.000000000000000000e+00 -1.436439172061312320e+03
-0.000000000000000000e+00 -1.429516329013506947e+03
-0.000000000000000000e+00 -1.426991179792984212e+03
-0.000000000000000000e+00 -1.426991179792983530e+03
-0.000000000000000000e+00 -1.421842179560139130e+03
-0.000000000000000000e+00 -1.394840003838685789e+03
-0.000000000000000000e+00 -1.379810152144462108e+03
-0.000000000000000000e+00 -1.373719062136357479e+03
-0.000000000000000000e+00 -1.365269746886011717e+03
-0.000000000000000000e+00 -1.357377411460858866e+03
-0.000000000000000000e+00 -1.353852746576928894e+03
1.100000000000000000e+01 0.000000000000000000e+00
7.000000000000000000e+00 -1.440297132587290889e+03
7.000000000000000000e+00 -1.224805189828047332e+03
7.000000000000000000e+00 -1.167936229790026800e+03
7.000000000000000000e+00 -1.087449965520730075e+03
7.000000000000000000e+00 -1.044803889761917162e+03
7.000000000000000000e+00 -9.955657914065856176e+02
7.000000000000000000e+00 -9.826723435896095680e+02
7.000000000000000000e+00 -9.562463241713376192e+02
7.000000000000000000e+00 -9.492265693926294716e+02
7.000000000000000000e+00 -9.237120746430367717e+02
7.000000000000000000e+00 -9.219720259211684379e+02
7.000000000000000000e+00 -9.137521049019433121e+02
7.000000000000000000e+00 -8.718243609907526661e+02
7.000000000000000000e+00 -8.653588376459465508e+02
7.000000000000000000e+00 -8.467751187253463740e+02
7.000000000000000000e+00 -8.250474756890150729e+02
7.000000000000000000e+00 -8.108035868971763875e+02
7.000000000000000000e+00 -8.036464516771582112e+02
7.000000000000000000e+00 -7.964661101400620282e+02
7.000000000000000000e+00 -7.600854881483954841e+02
7.000000000000000000e+00 -7.498559467733606425e+02
7.000000000000000000e+00 -7.470373168403259569e+02
7.000000000000000000e+00 -7.353656738721809916e+02
7.000000000000000000e+00 -7.284778790813412570e+02
7.000000000000000000e+00 -7.106025268771529682e+02
7.000000000000000000e+00 -6.960096427091860960e+02
7.000000000000000000e+00 -6.846663569211066260e+02
7.000000000000000000e+00 -6.821056684729132940e+02
7.000000000000000000e+00 -6.718804473269565278e+02
7.000000000000000000e+00 -6.559239862654984563e+02
7.000000000000000000e+00 -6.431617709756839076e+02
7.000000000000000000e+00 -6.425340488632296001e+02
7.000000000000000000e+00 -6.329641808545537742e+02
7.000000000000000000e+00 -6.131004241455203783e+02
7.000000000000000000e+00 -6.079819499816491088e+02
7.000000000000000000e+00 -5.975910365711589520e+02
7.000000000000000000e+00 -5.848462150758853113e+02
7.000000000000000000e+00 -5.775993752681415572e+02
7.000000000000000000e+00 -5.737480126078265812e+02
7.000000000000000000e+00 -5.621349501017641614e+02
2.000000000000000000e+00 -1.977497780220636741e+03
2.000000000000000000e+00 -1.789352331022995259e+03
2.000000000000000000e+00 -1.742779177107501482e+03
2.000000000000000000e+00 -1.742031955132958728e+03
2.000000000000000000e+00 -1.705946168682518419e+03
2.000000000000000000e+00 -1.686809941129306935e+03
2.000000000000000000e+00 -1.620999659313730490e+03
2.000000000000000000e+00 -1.567670504795978104e+03
2.000000000000000000e+00 -1.556036823677532766e+03
2.000000000000000000e+00 -1.549548456768884535e+03
2.000000000000000000e+00 -1.518814988272293704e+03
2.000000000000000000e+00 -1.513566729627093082e+03
2.000000000000000000e+00 -1.501725342410702524e+03
2.000000000000000000e+00 -1.487216475154680666e+03
2.000000000000000000e+00 -1.485157858417947864e+03
2.000000000000000000e+00 -1.477398559464627169e+03
2.000000000000000000e+00 -1.474777367093085104e+03
2.000000000000000000e+00 -1.459168029779429617e+03
2.000000000000000000e+00 -1.454050238368522514e+03
2.000000000000000000e+00 -1.445703611102602054e+03
2.000000000000000000e+00 -1.435490810115169779e+03
2.000000000000000000e+00 -1.429515303466358546e+03
2.000000000000000000e+00 -1.397755382772208577e+03
2.000000000000000000e+00 -1.378876979434658551e+03
2.000000000000000000e+00 -1.371305364876726117e+03
2.000000000000000000e+00 -1.368277750438220892e+03
2.000000000000000000e+00 -1.365175402723043590e+03
2.000000000000000000e+00 -1.347977407022994385e+03
2.000000000000000000e+00 -1.341202979433829569e+03
2.000000000000000000e+00 -1.334176977665067625e+03
2.000000000000000000e+00 -1.334142305000152646e+03
2.000000000000000000e+00 -1.324961830066624088e+03
2.000000000000000000e+00 -1.324244814504446140e+03
2.000000000000000000e+00 -1.314028663503405141e+03
2.000000000000000000e+00 -1.309840350123012513e+03
2.000000000000000000e+00 -1.295091516427817623e+03
2.000000000000000000e+00 -1.290701035804988123e+03
2.000000000000000000e+00 -1.289784992493564005e+03
2.000000000000000000e+00 -1.284136996382444750e+03
2.000000000000000000e+00 -1.280000205547611358e+03
3.000000000000000000e+00 -1.790624162075645017e+03
3.000000000000000000e+00 -1.743715653794643231e+03
3.000000000000000000e+00 -1.706739034391059477e+03
3.000000000000000000e+00 -1.663238866040103403e+03
3.000000000000000000e+00 -1.566332304020741731e+03
3.000000000000000000e+00 -1.553309758324099221e+03
3.000000000000000000e+00 -1.502480319811196750e+03
3.000000000000000000e+00 -1.487251708576296778e+03
3.000000000000000000e+00 -1.484353091344235736e+03
3.000000000000000000e+00 -1.476039931541079113e+03
3.000000000000000000e+00 -1.455986106455247636e+03
3.000000000000000000e+00 -1.450324876376223074e+03
3.000000000000000000e+00 -1.438570276568280633e+03
3.000000000000000000e+00 -1.432288092094482636e+03
3.000000000000000000e+00 -1.377477450519549166e+03
3.000000000000000000e+00 -1.367462672246379270e+03
3.000000000000000000e+00 -1.358821063642566287e+03
3.000000000000000000e+00 -1.343767365436435512e+03
3.000000000000000000e+00 -1.338440841602644696e+03
3.000000000000000000e+00 -1.329596355919479038e+03
3.000000000000000000e+00 -1.325183879215577463e+03
3.000000000000000000e+00 -1.321996981369194827e+03
3.000000000000000000e+00 -1.294125600265164394e+03
3.000000000000000000e+00 -1.289153583758040895e+03
3.000000000000000000e+00 -1.286502338587038594e+03
3.000000000000000000e+00 -1.283869976116788848e+03
3.000000000000000000e+00 -1.276221630165287479e+03
3.000000000000000000e+00 -1.272725676703088538e+03
3.000000000000000000e+00 -1.267082324147429063e+03
3.000000000000000000e+00 -1.254696673085287330e+03
3.000000000000000000e+00 -1.250300010007146057e+03
3.000000000000000000e+00 -1.249854913006501420e+03
3.000000000000000000e+00 -1.246487549331822720e+03
3.000000000000000000e+00 -1.242116280455094284e+03
3.000000000000000000e+00 -1.238369518887946697e+03
3.000000000000000000e+00 -1.233134652037319256e+03
3.000000000000000000e+00 -1.224962598730631044e+03
3.000000000000000000e+00 -1.223765217548165083e+03
9.000000000000000000e+00 -8.198982748446325104e+02
9.000000000000000000e+00 -7.295473846471776369e+02
9.000000000000000000e+00 -5.552880567780591718e+02
9.000000000000000000e+00 -5.331190625110546080e+02
9.000000000000000000e+00 -5.137483897951071867e+02
9.000000000000000000e+00 -3.342911549412414161e+02
9.000000000000000000e+00 -3.189011031234111897e+02
9.000000000000000000e+00 -2.531982410467347790e+02
9.000000000000000000e+00 -2.107841432749009698e+02
9.000000000000000000e+00 -1.785808972590380677e+02
9.000000000000000000e+00 -1.172218976228129179e+02
9.000000000000000000e+00 -5.915871779893845428e+01
9.000000000000000000e+00 -2.098516369690113947e+01
9.000000000000000000e+00 4.932727354265916375e+01
9.000000000000000000e+00 9.178693962312658527e+01
9.000000000000000000e+00 1.582548178403011434e+02
9.000000000000000000e+00 1.964357493371371675e+02
9.000000000000000000e+00 2.983366637967841370e+02
5.000000000000000000e+00 -1.513662012422712905e+03
5.000000000000000000e+00 -1.477962057423518218e+03
5.000000000000000000e+00 -1.452751310936451091e+03
5.000000000000000000e+00 -1.425264233325159012e+03
5.000000000000000000e+00 -1.402872678842294363e+03
5.000000000000000000e+00 -1.325768529632232458e+03
5.000000000000000000e+00 -1.276824472208885709e+03
5.000000000000000000e+00 -1.265603867544244622e+03
5.000000000000000000e+00 -1.251031716983071192e+03
5.000000000000000000e+00 -1.247578189207765263e+03
5.000000000000000000e+00 -1.241275838727101700e+03
5.000000000000000000e+00 -1.216963880555576679e+03
5.000000000000000000e+00 -1.209344702184755761e+03
5.000000000000000000e+00 -1.193947346023209320e+03
5.000000000000000000e+00 -1.169172012695356671e+03
5.000000000000000000e+00 -1.168421778470685695e+03
5.000000000000000000e+00 -1.164234483942158931e+03
5.000000000000000000e+00 -1.151542783705683178e+03
5.000000000000000000e+00 -1.147842839108619046e+03
5.000000000000000000e+00 -1.138034871787147722e+03
5.000000000000000000e+00 -1.100880149139475179e+03
5.000000000000000000e+00 -1.089928894780807923e+03
5.000000000000000000e+00 -1.085871162187447680e+03
5.000000000000000000e+00 -1.073187769213278443e+03
5.000000000000000000e+00 -1.069272935678888643e+03
5.000000000000000000e+00 -1.053961704881143532e+03
5.000000000000000000e+00 -1.034898911311260918e+03
5.000000000000000000e+00 -1.032339792521314166e+03
5.000000000000000000e+00 -1.032102521497467251e+03
5.000000000000000000e+00 -1.022791092943162198e+03
5.000000000000000000e+00 -1.013894012087086026e+03
5.000000000000000000e+00 -1.013689490958814872e+03
5.000000000000000000e+00 -1.001030888159586198e+03
5.000000000000000000e+00 -9.952720043158603858e+02
5.000000000000000000e+00 -9.932899910251182973e+02
5.000000000000000000e+00 -9.928557619161687171e+02
5.000000000000000000e+00 -9.885850782445601226e+02
5.000000000000000000e+00 -9.836764421719559550e+02
5.000000000000000000e+00 -9.692359278859468077e+02
5.000000000000000000e+00 -9.652754255051477230e+02
1.000000000000000000e+01 -6.386959225775028699e+02
1.000000000000000000e+01 -5.314928137241619197e+02
1.000000000000000000e+01 -3.207251363542210925e+02
1.000000000000000000e+01 -2.899266593242239765e+02
1.000000000000000000e+01 -1.402186869067424482e+02
1.000000000000000000e+01 -9.299351287700419277e+01
1.000000000000000000e+01 2.740632510323607107e+01
1.000000000000000000e+01 1.425140291333302685e+02
1.000000000000000000e+01 3.316278015272890798e+02
6.000000000000000000e+00 -1.440487275137125380e+03
6.000000000000000000e+00 -1.427211713180208108e+03
6.000000000000000000e+00 -1.321016625211645078e+03
6.000000000000000000e+00 -1.263338789409757055e+03
6.000000000000000000e+00 -1.235222003287701455e+03
6.000000000000000000e+00 -1.225155617017563145e+03
6.000000000000000000e+00 -1.214978774915266513e+03
6.000000000000000000e+00 -1.167945318114807606e+03
6.000000000000000000e+00 -1.164229446537567128e+03
6.000000000000000000e+00 -1.125668671013230551e+03
6.000000000000000000e+00 -1.112570172704448623e+03
6.000000000000000000e+00 -1.091915716938597825e+03
6.000000000000000000e+00 -1.053794057459688929e+03
6.000000000000000000e+00 -1.043681265464873150e+03
6.000000000000000000e+00 -1.017963602938269332e+03
6.000000000000000000e+00 -9.996483863954528033e+02
6.000000000000000000e+00 -9.970658559514383796e+02
6.000000000000000000e+00 -9.924398596956606298e+02
6.000000000000000000e+00 -9.800861782219546967e+02
6.000000000000000000e+00 -9.777557933378973303e+02
6.000000000000000000e+00 -9.651820194977983647e+02
6.000000000000000000e+00 -9.503323727740539653e+02
6.000000000000000000e+00 -9.344015118901872938e+02
6.000000000000000000e+00 -9.339411553813405362e+02
6.000000000000000000e+00 -9.338071905702227014e+02
6.000000000000000000e+00 -9.262349849281944216e+02
6.000000000000000000e+00 -9.051875687180769319e+02
6.000000000000000000e+00 -8.964918445660298403e+02
6.000000000000000000e+00 -8.937158825067730277e+02
6.000000000000000000e+00 -8.770159779231468065e+02
6.000000000000000000e+00 -8.687110723976032887e+02
6.000000000000000000e+00 -8.607748349013075995e+02
6.000000000000000000e+00 -8.526642450599356380e+02
6.000000000000000000e+00 -8.395455100273766220e+02
6.000000000000000000e+00 -8.354222107451283819e+02
6.000000000000000000e+00 -8.318118515430105617e+02
6.000000000000000000e+00 -8.296753012067168811e+02
6.000000000000000000e+00 -8.184815893332149699e+02
6.000000000000000000e+00 -8.078406234510316608e+02
6.000000000000000000e+00 -7.963188035290700100e+02
8.000000000000000000e+00 -1.141722209356774101e+03
8.000000000000000000e+00 -1.047991151488100286e+03
8.000000000000000000e+00 -9.680496484509520769e+02
8.000000000000000000e+00 -9.305512899166150191e+02
8.000000000000000000e+00 -8.445512727840086882e+02
8.000000000000000000e+00 -8.271492691005786355e+02
8.000000000000000000e+00 -7.750420193675474820e+02
8.000000000000000000e+00 -7.554523558200633033e+02
8.000000000000000000e+00 -7.237097061213526104e+02
8.000000000000000000e+00 -7.137430049214938208e+02
8.000000000000000000e+00 -6.916103194225556763e+02
8.000000000000000000e+00 -6.721267165885835766e+02
8.000000000000000000e+00 -6.490772480347330884e+02
8.000000000000000000e+00 -6.453308604740545888e+02
8.000000000000000000e+00 -6.266372975738033801e+02
8.000000000000000000e+00 -5.742612976988093578e+02
8.000000000000000000e+00 -5.547599644317855336e+02
8.000000000000000000e+00 -5.448107826352935490e+02
8.000000000000000000e+00 -5.380626502352640728e+02
8.000000000000000000e+00 -4.995402909734132209e+02
8.000000000000000000e+00 -4.894081220299755159e+02
8.000000000000000000e+00 -4.679765374136974287e+02
8.000000000000000000e+00 -4.505847823750584666e+02
8.000000000000000000e+00 -4.236865731675608799e+02
8.000000000000000000e+00 -4.095912949763928168e+02
8.000000000000000000e+00 -3.950557349553195650e+02
8.000000000000000000e+00 -3.894218805374391650e+02
8.000000000000000000e+00 -3.791580472424648178e+02
8.000000000000000000e+00 -3.690444204159435344e+02
8.000000000000000000e+00 -3.390915398203876521e+02
8.000000000000000000e+00 -3.352541028400717096e+02
8.000000000000000000e+00 -3.185142408984394251e+02
8.000000000000000000e+00 -3.109133606750525018e+02
8.000000000000000000e+00 -2.969441124696425618e+02
8.000000000000000000e+00 -2.848508541052343048e+02
8.000000000000000000e+00 -2.749693985286633620e+02
8.000000000000000000e+00 -2.655989805610797703e+02
8.000000000000000000e+00 -2.569259056500210363e+02
8.000000000000000000e+00 -2.543931860933447240e+02
8.000000000000000000e+00 -2.341402655886672619e+02
1.000000000000000000e+00 -1.977841172103656618e+03
1.000000000000000000e+00 -1.780814840185027151e+03
1.000000000000000000e+00 -1.743962440526452156e+03
1.000000000000000000e+00 -1.742883451294436099e+03
1.000000000000000000e+00 -1.729511444948529970e+03
1.000000000000000000e+00 -1.714701145228025553e+03
1.000000000000000000e+00 -1.687146284835328743e+03
1.000000000000000000e+00 -1.627309636498195459e+03
1.000000000000000000e+00 -1.565209542382707014e+03
1.000000000000000000e+00 -1.547392123831335766e+03
1.000000000000000000e+00 -1.517157706017012060e+03
1.000000000000000000e+00 -1.514687634027049853e+03
1.000000000000000000e+00 -1.508821042186501700e+03
1.000000000000000000e+00 -1.503132110492418633e+03
1.000000000000000000e+00 -1.500579804601725755e+03
1.000000000000000000e+00 -1.499696242656797040e+03
1.000000000000000000e+00 -1.485618841025693200e+03
1.000000000000000000e+00 -1.477112880472654751e+03
1.000000000000000000e+00 -1.466620678100863188e+03
1.000000000000000000e+00 -1.459040547366136707e+03
1.000000000000000000e+00 -1.457834286013438259e+03
1.000000000000000000e+00 -1.456280410337357807e+03
1.000000000000000000e+00 -1.454752189476310377e+03
1.000000000000000000e+00 -1.426121261733121401e+03
1.000000000000000000e+00 -1.424946494555920253e+03
1.000000000000000000e+00 -1.416090180540153597e+03
1.000000000000000000e+00 -1.411378083175199436e+03
1.000000000000000000e+00 -1.410714151436146949e+03
1.000000000000000000e+00 -1.383526793860065027e+03
1.000000000000000000e+00 -1.380967530730394856e+03
1.000000000000000000e+00 -1.374708319082286380e+03
1.000000000000000000e+00 -1.353331062677709951e+03
1.000000000000000000e+00 -1.351857379661712912e+03
1.000000000000000000e+00 -1.345609691392465265e+03
1.000000000000000000e+00 -1.327674509811462940e+03
1.000000000000000000e+00 -1.326826473927485267e+03
1.000000000000000000e+00 -1.326493389076329322e+03
1.000000000000000000e+00 -1.321892115910485472e+03
1.000000000000000000e+00 -1.318282521022008723e+03
1.000000000000000000e+00 -1.313201496729362589e+03
4.000000000000000000e+00 -1.782136600822550463e+03
4.000000000000000000e+00 -1.746351503257080822e+03
4.000000000000000000e+00 -1.715391105054439095e+03
4.000000000000000000e+00 -1.518267807499310265e+03
4.000000000000000000e+00 -1.495553976211556574e+03
4.000000000000000000e+00 -1.486400101720013026e+03
4.000000000000000000e+00 -1.467091633002917206e+03
4.000000000000000000e+00 -1.455705327653972518e+03
4.000000000000000000e+00 -1.423392356945134225e+03
4.000000000000000000e+00 -1.407959070859043322e+03
4.000000000000000000e+00 -1.383323502941314700e+03
4.000000000000000000e+00 -1.373625064035343485e+03
4.000000000000000000e+00 -1.353860417776505528e+03
4.000000000000000000e+00 -1.327534422733200472e+03
4.000000000000000000e+00 -1.319551932346751073e+03
4.000000000000000000e+00 -1.312634590814803687e+03
4.000000000000000000e+00 -1.310014390237359748e+03
4.000000000000000000e+00 -1.299126072165684491e+03
4.000000000000000000e+00 -1.290635050998604356e+03
4.000000000000000000e+00 -1.277725093330361005e+03
4.000000000000000000e+00 -1.270298609032556442e+03
4.000000000000000000e+00 -1.255296088445304576e+03
4.000000000000000000e+00 -1.249545270919834138e+03
4.000000000000000000e+00 -1.235499531945346462e+03
4.000000000000000000e+00 -1.233733451798288343e+03
4.000000000000000000e+00 -1.231278277961714593e+03
4.000000000000000000e+00 -1.223817781363822633e+03
4.000000000000000000e+00 -1.209347903625563504e+03
4.000000000000000000e+00 -1.205140539071365993e+03
4.000000000000000000e+00 -1.200937347650692800e+03
4.000000000000000000e+00 -1.187850632067896186e+03
4.000000000000000000e+00 -1.151631664940172186e+03
4.000000000000000000e+00 -1.148362694292136212e+03
4.000000000000000000e+00 -1.142124934126853759e+03
4.000000000000000000e+00 -1.123638033379277886e+03
