-0.000000000000000000e+00 -1.520464826069026685e+03
-0.000000000000000000e+00 -1.496615194893249509e+03
-0.000000000000000000e+00 -1.401398359716440154e+03
-0.000000000000000000e+00 -1.326158903355633811e+03
-0.000000000000000000e+00 -1.295072556031735530e+03
-0.000000000000000000e+00 -1.289176984557282822e+03
-0.000000000000000000e+00 -1.276514309475150185e+03
-0.000000000000000000e+00 -1.246056723158777004e+03
-0.000000000000000000e+00 -1.231892546496107343e+03
-0.000000000000000000e+00 -1.225489377819521678e+03
-0.000000000000000000e+00 -1.172794719243673399e+03
-0.000000000000000000e+00 -1.135552554818317958e+03
-0.000000000000000000e+00 -1.131463195467940295e+03
-0.000000000000000000e+00 -1.114536534381714318e+03
-0.000000000000000000e+00 -1.105163082090904254e+03
-0.000000000000000000e+00 -1.100385775669487202e+03
-0.000000000000000000e+00 -1.099866122260762268e+03
-0.000000000000000000e+00 -1.090295934432697777e+03
-0.000000000000000000e+00 -1.089873370089851505e+03
-0.000000000000000000e+00 -1.089873370089849459e+03
-0.000000000000000000e+00 -1.081879434179018517e+03
-0.000000000000000000e+00 -1.075633572103558890e+03
-0.000000000000000000e+00 -1.072792730824658747e+03
-0.000000000000000000e+00 -1.061232097049703725e+03
-0.000000000000000000e+00 -1.059453064413028187e+03
-0.000000000000000000e+00 -1.054247454576858672e+03
-0.000000000000000000e+00 -1.053515828344582587e+03
-0.000000000000000000e+00 -1.053515828344582587e+03
-0.000000000000000000e+00 -1.044068467332524733e+03
-0.000000000000000000e+00 -1.040308875086474472e+03
-0.000000000000000000e+00 -1.035026868336975667e+03
-0.000000000000000000e+00 -1.032439568301783083e+03
-0.000000000000000000e+00 -1.023951679121026018e+03
-0.000000000000000000e+00 -1.023506945629056077e+03
-0.000000000000000000e+00 -1.021700849099799029e+03
-0.000000000000000000e+00 -1.013583022720750705e+03
-0.000000000000000000e+00 -1.005781535583117375e+03
-0.000000000000000000e+00 -1.005781535583116352e+03
-0.000000000000000000e+00 -1.004487077787141061e+03
-0.000000000000000000e+00 -9.999391557337700078e+02
1.100000000000000000e+01 0.000000000000000000e+00
7.000000000000000000e+00 -1.036176200397293769e+03
7.000000000000000000e+00 -8.502692759696512894e+02
7.000000000000000000e+00 -8.181037324792313257e+02
7.000000000000000000e+00 -7.740440876967923032e+02
7.000000000000000000e+00 -7.572103374228732946e+02
7.000000000000000000e+00 -7.482177649579329000e+02
7.000000000000000000e+00 -7.444160561695192655e+02
7.000000000000000000e+00 -6.660444104942324657e+02
7.000000000000000000e+00 -6.428881564416672063e+02
7.000000000000000000e+00 -6.301411218498070639e+02
7.000000000000000000e+00 -6.217953586009610945e+02
7.000000000000000000e+00 -5.931612475646793428e+02
7.000000000000000000e+00 -5.893417446463922715e+02
7.000000000000000000e+00 -5.759803032847307804e+02
7.000000000000000000e+00 -5.697740403633090409e+02
7.000000000000000000e+00 -5.610565409788792977e+02
7.000000000000000000e+00 -5.595844812947243554e+02
7.000000000000000000e+00 -5.540276667783955418e+02
7.000000000000000000e+00 -5.469683887824756994e+02
7.000000000000000000e+00 -5.397065260106817277e+02
7.000000000000000000e+00 -5.331265294266103183e+02
7.000000000000000000e+00 -5.241731343173745472e+02
7.000000000000000000e+00 -5.207922558856760133e+02
7.000000000000000000e+00 -5.186160434323084019e+02
7.000000000000000000e+00 -4.894790457083556134e+02
7.000000000000000000e+00 -4.849956574368273436e+02
7.000000000000000000e+00 -4.820458413226891707e+02
7.000000000000000000e+00 -4.820444588120467984e+02
7.000000000000000000e+00 -4.279632394466861456e+02
7.000000000000000000e+00 -4.200889239084443147e+02
7.000000000000000000e+00 -4.138840785181493516e+02
7.000000000000000000e+00 -4.121095939647833575e+02
7.000000000000000000e+00 -3.971267840801089051e+02
7.000000000000000000e+00 -3.817989560153538378e+02
7.000000000000000000e+00 -3.754323955753565087e+02
7.000000000000000000e+00 -3.604762146739893751e+02
7.000000000000000000e+00 -3.580295700694135803e+02
7.000000000000000000e+00 -3.554348190623974233e+02
7.000000000000000000e+00 -3.499124672413793746e+02
7.000000000000000000e+00 -3.454961812758011774e+02
2.000000000000000000e+00 -1.503450884013765062e+03
2.000000000000000000e+00 -1.316997825530735327e+03
2.000000000000000000e+00 -1.290418079728131261e+03
2.000000000000000000e+00 -1.284239278424202439e+03
2.000000000000000000e+00 -1.272325345822059262e+03
2.000000000000000000e+00 -1.240310477756458113e+03
2.000000000000000000e+00 -1.214686075009136630e+03
2.000000000000000000e+00 -1.152149946134984475e+03
2.000000000000000000e+00 -1.133691424944903247e+03
2.000000000000000000e+00 -1.110301104623278661e+03
2.000000000000000000e+00 -1.104827437364519938e+03
2.000000000000000000e+00 -1.096605417819202330e+03
2.000000000000000000e+00 -1.090581696417551711e+03
2.000000000000000000e+00 -1.085640428931534188e+03
2.000000000000000000e+00 -1.071134000572301375e+03
2.000000000000000000e+00 -1.066042643819915384e+03
2.000000000000000000e+00 -1.058548301464572887e+03
2.000000000000000000e+00 -1.056858853021853974e+03
2.000000000000000000e+00 -1.053840938678173416e+03
2.000000000000000000e+00 -1.042851938885642994e+03
2.000000000000000000e+00 -1.042358584564737157e+03
2.000000000000000000e+00 -1.037277481628951136e+03
2.000000000000000000e+00 -1.027642233782018593e+03
2.000000000000000000e+00 -1.026827005001551242e+03
2.000000000000000000e+00 -1.026339459258936358e+03
2.000000000000000000e+00 -1.020361415384644715e+03
2.000000000000000000e+00 -1.014496146979063610e+03
2.000000000000000000e+00 -1.010180590569547348e+03
2.000000000000000000e+00 -1.008540346616553052e+03
2.000000000000000000e+00 -1.005478037354176649e+03
2.000000000000000000e+00 -9.997443585653468290e+02
2.000000000000000000e+00 -9.945603243908248032e+02
2.000000000000000000e+00 -9.861483625991307918e+02
2.000000000000000000e+00 -9.845085770637135738e+02
2.000000000000000000e+00 -9.818914468989481747e+02
2.000000000000000000e+00 -9.555973519870473183e+02
2.000000000000000000e+00 -9.523047749281830647e+02
2.000000000000000000e+00 -9.352040192839683641e+02
2.000000000000000000e+00 -9.174757327361019179e+02
2.000000000000000000e+00 -9.035520529614069574e+02
3.000000000000000000e+00 -1.290666623571935816e+03
3.000000000000000000e+00 -1.275722394702070460e+03
3.000000000000000000e+00 -1.272435955786976365e+03
3.000000000000000000e+00 -1.228421519854510279e+03
3.000000000000000000e+00 -1.152860069343604437e+03
3.000000000000000000e+00 -1.113193236921489415e+03
3.000000000000000000e+00 -1.105121589162668215e+03
3.000000000000000000e+00 -1.090250782631907896e+03
3.000000000000000000e+00 -1.085629816007196041e+03
3.000000000000000000e+00 -1.076320254560846024e+03
3.000000000000000000e+00 -1.070969443440338182e+03
3.000000000000000000e+00 -1.054191921813065392e+03
3.000000000000000000e+00 -1.036594851730758819e+03
3.000000000000000000e+00 -1.029979813208766473e+03
3.000000000000000000e+00 -1.026496520321210937e+03
3.000000000000000000e+00 -1.010428117184548000e+03
3.000000000000000000e+00 -1.008314482142529528e+03
3.000000000000000000e+00 -1.006502673032200505e+03
3.000000000000000000e+00 -1.005435548307472686e+03
3.000000000000000000e+00 -9.968483416927692815e+02
3.000000000000000000e+00 -9.948826826564252315e+02
3.000000000000000000e+00 -9.825835992722893479e+02
3.000000000000000000e+00 -9.816585975814003859e+02
3.000000000000000000e+00 -9.743019693612335459e+02
3.000000000000000000e+00 -9.175919171853802254e+02
3.000000000000000000e+00 -9.168804856747760823e+02
3.000000000000000000e+00 -9.040065730717075212e+02
3.000000000000000000e+00 -8.958049007885191486e+02
3.000000000000000000e+00 -8.844280470327184958e+02
3.000000000000000000e+00 -8.774515701794159668e+02
3.000000000000000000e+00 -8.766065211641567885e+02
3.000000000000000000e+00 -8.747891430320116797e+02
3.000000000000000000e+00 -8.690621092628583710e+02
3.000000000000000000e+00 -8.682277695595778368e+02
3.000000000000000000e+00 -8.634863232982484078e+02
3.000000000000000000e+00 -8.560236357101069871e+02
3.000000000000000000e+00 -8.528237646943698564e+02
3.000000000000000000e+00 -8.523425995718913555e+02
3.000000000000000000e+00 -8.504572520211080473e+02
9.000000000000000000e+00 -5.771459036421246083e+02
9.000000000000000000e+00 -5.369674245587765427e+02
9.000000000000000000e+00 -3.438154435612818247e+02
9.000000000000000000e+00 -3.218746342744460662e+02
9.000000000000000000e+00 -2.900792819088850933e+02
9.000000000000000000e+00 -2.463732868859617042e+02
9.000000000000000000e+00 -1.548412752831430055e+02
9.000000000000000000e+00 -1.164284142089220779e+02
9.000000000000000000e+00 -8.777512547923150521e+01
9.000000000000000000e+00 -5.170964274827936435e+01
9.000000000000000000e+00 -4.115441010194335547e+01
9.000000000000000000e+00 -2.147486048134724967e+01
9.000000000000000000e+00 1.128771376987883599e+02
9.000000000000000000e+00 1.461958567227243577e+02
9.000000000000000000e+00 1.763003561491138100e+02
9.000000000000000000e+00 2.007950293335050276e+02
9.000000000000000000e+00 3.329641664361052449e+02
9.000000000000000000e+00 3.765392655941045064e+02
5.000000000000000000e+00 -1.091163790393786257e+03
5.000000000000000000e+00 -1.053348840071183531e+03
5.000000000000000000e+00 -1.053118216566763522e+03
5.000000000000000000e+00 -1.028838078021993624e+03
5.000000000000000000e+00 -1.006015011692825965e+03
5.000000000000000000e+00 -9.954807123678943981e+02
5.000000000000000000e+00 -9.716503826642699551e+02
5.000000000000000000e+00 -9.327170987132254822e+02
5.000000000000000000e+00 -8.819151360463507672e+02
5.000000000000000000e+00 -8.746250763919418887e+02
5.000000000000000000e+00 -8.602503712015557085e+02
5.000000000000000000e+00 -8.597271938650258107e+02
5.000000000000000000e+00 -8.453213964678798220e+02
5.000000000000000000e+00 -8.394511309266924854e+02
5.000000000000000000e+00 -8.264341253352936292e+02
5.000000000000000000e+00 -8.207619376127540818e+02
5.000000000000000000e+00 -8.204700864812429018e+02
5.000000000000000000e+00 -8.102334307737656900e+02
5.000000000000000000e+00 -8.079357557941285677e+02
5.000000000000000000e+00 -7.907839284955632593e+02
5.000000000000000000e+00 -7.906351487038134565e+02
5.000000000000000000e+00 -7.875068503269244502e+02
5.000000000000000000e+00 -7.844489744677588305e+02
5.000000000000000000e+00 -7.790099202530851699e+02
5.000000000000000000e+00 -7.774573401472748628e+02
5.000000000000000000e+00 -7.766524814538457804e+02
5.000000000000000000e+00 -7.655354564109052262e+02
5.000000000000000000e+00 -7.649956150238764394e+02
5.000000000000000000e+00 -7.591474036776543244e+02
5.000000000000000000e+00 -7.502606561935995160e+02
5.000000000000000000e+00 -7.344107883357069113e+02
5.000000000000000000e+00 -7.189900342071455270e+02
5.000000000000000000e+00 -7.151367548461379329e+02
5.000000000000000000e+00 -7.146440471785859927e+02
5.000000000000000000e+00 -7.044926144258375871e+02
5.000000000000000000e+00 -6.688823410000741205e+02
5.000000000000000000e+00 -6.613849447995944502e+02
5.000000000000000000e+00 -6.610990199169059451e+02
5.000000000000000000e+00 -6.582431306671453513e+02
5.000000000000000000e+00 -6.491507384975682271e+02
1.000000000000000000e+01 -5.066255840330091473e+02
1.000000000000000000e+01 -3.260571707883064505e+02
1.000000000000000000e+01 -2.502881989109042422e+02
1.000000000000000000e+01 -1.320277346115186106e+02
1.000000000000000000e+01 -4.733043824709032776e+01
1.000000000000000000e+01 -3.560667534240007370e+01
1.000000000000000000e+01 1.388865112065143990e+02
1.000000000000000000e+01 1.949247298806141373e+02
1.000000000000000000e+01 3.969353448460998948e+02
6.000000000000000000e+00 -1.053097394702384918e+03
6.000000000000000000e+00 -1.036401591842965672e+03
6.000000000000000000e+00 -9.954358660006690798e+02
6.000000000000000000e+00 -8.737401962639363546e+02
6.000000000000000000e+00 -8.596695622735668394e+02
6.000000000000000000e+00 -8.560275799658542155e+02
6.000000000000000000e+00 -8.499424574716821326e+02
6.000000000000000000e+00 -8.252870417256167457e+02
6.000000000000000000e+00 -8.181176959745988597e+02
6.000000000000000000e+00 -7.995173311749970253e+02
6.000000000000000000e+00 -7.918397484987010557e+02
6.000000000000000000e+00 -7.740307463391840201e+02
6.000000000000000000e+00 -7.690644455726144315e+02
6.000000000000000000e+00 -7.606058262010736826e+02
6.000000000000000000e+00 -7.519061622266148106e+02
6.000000000000000000e+00 -7.483138952378768636e+02
6.000000000000000000e+00 -7.335114247805404375e+02
6.000000000000000000e+00 -7.158401749644893926e+02
6.000000000000000000e+00 -6.658094692233620435e+02
6.000000000000000000e+00 -6.596861998223474757e+02
6.000000000000000000e+00 -6.524600781008003878e+02
6.000000000000000000e+00 -6.436515896119127547e+02
6.000000000000000000e+00 -6.293217154294807187e+02
6.000000000000000000e+00 -6.250721725221934548e+02
6.000000000000000000e+00 -6.084365151445106221e+02
6.000000000000000000e+00 -6.056974489940877220e+02
6.000000000000000000e+00 -6.042796182179407651e+02
6.000000000000000000e+00 -5.934833340740825633e+02
6.000000000000000000e+00 -5.908540972759849410e+02
6.000000000000000000e+00 -5.885282713659181582e+02
6.000000000000000000e+00 -5.821796766041220508e+02
6.000000000000000000e+00 -5.773711975021836906e+02
6.000000000000000000e+00 -5.761917746029590717e+02
6.000000000000000000e+00 -5.727194955487689185e+02
6.000000000000000000e+00 -5.714744924369165346e+02
6.000000000000000000e+00 -5.683883061834944783e+02
6.000000000000000000e+00 -5.660182026091188163e+02
6.000000000000000000e+00 -5.621531504400826407e+02
6.000000000000000000e+00 -5.549154404432169940e+02
6.000000000000000000e+00 -5.468812083995179592e+02
8.000000000000000000e+00 -8.094513743243803674e+02
8.000000000000000000e+00 -7.623940984571958097e+02
8.000000000000000000e+00 -6.460049428055206135e+02
8.000000000000000000e+00 -6.097549337953203121e+02
8.000000000000000000e+00 -5.670281722989059290e+02
8.000000000000000000e+00 -5.639055301831805309e+02
8.000000000000000000e+00 -5.394302092244661253e+02
8.000000000000000000e+00 -5.304227866533562974e+02
8.000000000000000000e+00 -5.169261609390092644e+02
8.000000000000000000e+00 -5.075805871280771271e+02
8.000000000000000000e+00 -4.801931562441791925e+02
8.000000000000000000e+00 -4.509518749725463067e+02
8.000000000000000000e+00 -4.010394314563195621e+02
8.000000000000000000e+00 -4.001481862454881480e+02
8.000000000000000000e+00 -3.856949035619013557e+02
8.000000000000000000e+00 -3.512239137262064901e+02
8.000000000000000000e+00 -3.443111527445870479e+02
8.000000000000000000e+00 -3.299437382722728103e+02
8.000000000000000000e+00 -3.255822594273519144e+02
8.000000000000000000e+00 -3.135088377677703875e+02
8.000000000000000000e+00 -3.048988697525225575e+02
8.000000000000000000e+00 -2.851163174838126224e+02
8.000000000000000000e+00 -2.787347142948430587e+02
8.000000000000000000e+00 -2.768353753944152231e+02
8.000000000000000000e+00 -2.568598317328614939e+02
8.000000000000000000e+00 -2.493085693094663498e+02
8.000000000000000000e+00 -2.360078105663247072e+02
8.000000000000000000e+00 -1.911674197631720062e+02
8.000000000000000000e+00 -1.848366306894132265e+02
8.000000000000000000e+00 -1.715046112034189036e+02
8.000000000000000000e+00 -1.519014678183719695e+02
8.000000000000000000e+00 -1.433004324368754396e+02
8.000000000000000000e+00 -1.361605719156562770e+02
8.000000000000000000e+00 -1.243768662250910211e+02
8.000000000000000000e+00 -1.205653710318770209e+02
8.000000000000000000e+00 -1.140039821984426425e+02
8.000000000000000000e+00 -1.132610367206576996e+02
8.000000000000000000e+00 -1.057264209002266995e+02
8.000000000000000000e+00 -7.543845962611943889e+01
8.000000000000000000e+00 -6.967192257968187619e+01
1.000000000000000000e+00 -1.503675807942106985e+03
1.000000000000000000e+00 -1.322353456630889013e+03
1.000000000000000000e+00 -1.316677160849142865e+03
1.000000000000000000e+00 -1.288102181873952077e+03
1.000000000000000000e+00 -1.284258456866272127e+03
1.000000000000000000e+00 -1.276870136439239559e+03
1.000000000000000000e+00 -1.240296755404701116e+03
1.000000000000000000e+00 -1.227125855310283441e+03
1.000000000000000000e+00 -1.214794423369500464e+03
1.000000000000000000e+00 -1.166169516903175690e+03
1.000000000000000000e+00 -1.133515557754902602e+03
1.000000000000000000e+00 -1.119659752864841494e+03
1.000000000000000000e+00 -1.095619998059457203e+03
1.000000000000000000e+00 -1.094391343877607596e+03
1.000000000000000000e+00 -1.074094727531014087e+03
1.000000000000000000e+00 -1.073238546556091251e+03
1.000000000000000000e+00 -1.071598272267482344e+03
1.000000000000000000e+00 -1.066524113252371308e+03
1.000000000000000000e+00 -1.065833746009434208e+03
1.000000000000000000e+00 -1.063264190599503081e+03
1.000000000000000000e+00 -1.058595632920118078e+03
1.000000000000000000e+00 -1.053071632565160371e+03
1.000000000000000000e+00 -1.050871952970763232e+03
1.000000000000000000e+00 -1.043146579729970199e+03
1.000000000000000000e+00 -1.042566563886814038e+03
1.000000000000000000e+00 -1.039107417914915914e+03
1.000000000000000000e+00 -1.028776872476805238e+03
1.000000000000000000e+00 -1.023165869276967101e+03
1.000000000000000000e+00 -1.022304256624961567e+03
1.000000000000000000e+00 -1.013621593393914736e+03
1.000000000000000000e+00 -1.009951918574756405e+03
1.000000000000000000e+00 -1.007378560849960422e+03
1.000000000000000000e+00 -1.006769199809137717e+03
1.000000000000000000e+00 -1.002225477801308443e+03
1.000000000000000000e+00 -9.992122027564375912e+02
1.000000000000000000e+00 -9.983771143857123889e+02
1.000000000000000000e+00 -9.940603988310327850e+02
1.000000000000000000e+00 -9.911485685823215590e+02
1.000000000000000000e+00 -9.861942798886176433e+02
1.000000000000000000e+00 -9.824954640496977163e+02
4.000000000000000000e+00 -1.288533006787154136e+03
4.000000000000000000e+00 -1.277476075052329406e+03
4.000000000000000000e+00 -1.166579901604745601e+03
4.000000000000000000e+00 -1.094792414370849656e+03
4.000000000000000000e+00 -1.072404836002922366e+03
4.000000000000000000e+00 -1.067815350255147678e+03
4.000000000000000000e+00 -1.062358649610617704e+03
4.000000000000000000e+00 -1.050435359829236631e+03
4.000000000000000000e+00 -1.042516284760416056e+03
4.000000000000000000e+00 -1.022243985676031343e+03
4.000000000000000000e+00 -1.008044978952136603e+03
4.000000000000000000e+00 -1.002323554696833071e+03
4.000000000000000000e+00 -9.980594273574091631e+02
4.000000000000000000e+00 -9.865557868548088436e+02
4.000000000000000000e+00 -9.446736040041101887e+02
4.000000000000000000e+00 -9.349441204404348582e+02
4.000000000000000000e+00 -9.075552716329113991e+02
4.000000000000000000e+00 -9.034398703241395197e+02
4.000000000000000000e+00 -8.849326648746255159e+02
4.000000000000000000e+00 -8.822880196072143235e+02
4.000000000000000000e+00 -8.779722970812225640e+02
4.000000000000000000e+00 -8.727977716615332611e+02
4.000000000000000000e+00 -8.663827310487071145e+02
4.000000000000000000e+00 -8.550814008775263346e+02
4.000000000000000000e+00 -8.464919941025774506e+02
4.000000000000000000e+00 -8.331339194339967662e+02
4.000000000000000000e+00 -8.210233376053434995e+02
4.000000000000000000e+00 -8.198829625686225882e+02
4.000000000000000000e+00 -8.169789612409074380e+02
4.000000000000000000e+00 -8.106371896876931942e+02
4.000000000000000000e+00 -8.077095973917250831e+02
4.000000000000000000e+00 -8.062710389459170983e+02
4.000000000000000000e+00 -8.000901018740847803e+02
4.000000000000000000e+00 -7.931437024556666984e+02
